3362
1570
4676
2617
7245
2819
1728
4515
5917
4998
8352
4929
7556
5212
7248
195
6489
3191
6551
400
8111
6736
2265
6546
5735
2116
4206
155
4925
7357
3473
5833
6116
5699
994
3383
5923
8120
3516
2719
6661
1534
1824
3664
1324
5840
7523
8172
3960
5095
7788
7329
8365
406
8315
6997
7682
6525
7502
8438
7574
5299
7778
5619
6095
6951
3860
8113
1441
5011
2012
5505
5662
530
5054
4890
6483
6605
6469
775
1535
8436
3712
2057
2913
8018
8131
6879
1848
1512
3835
1317
1949
3106
6604
7665
1687
4819
7108
5594
2321
4705
7163
6598
4517
6817
8296
6002
4528
7196
5574
7355
2202
5487
1073
6526
776
4252
4706
2346
7434
3736
7158
4187
782
1994
1646
6573
4692
2380
7455
341
585
2680
8083
2381
3775
2075
2312
6007
6710
1966
2952
4516
7924
4603
894
1084
4887
5959
390
8337
214
6842
2959
2828
4362
5129
4911
7751
3616
7114
7956
6119
461
7538
3435
8072
177
4293
7935
2220
6081
1495
17
2465
3973
3894
1483
6035
6862
4160
4090
2541
3695
7881
219
1807
576
5171
6926
2891
6473
1950
7119
3140
5141
4649
7780
2638
3339
290
6267
1359
3065
3621
7204
6804
5569
818
900
3428
3465
7660
7816
2580
2616
2653
2353
2645
6370
5954
4404
8428
404
663
765
5930
4051
990
5703
2279
3092
7740
2325
7495
5309
4827
6613
6441
4129
767
2978
21
7762
791
8207
4873
6269
5608
5539
1244
610
4240
2464
5259
8404
1622
1959
3357
1350
2063
4671
7577
5545
5546
7608
2079
546
4292
7419
6170
5221
5048
6583
5163
6488
648
4070
2291
372
7219
3182
2992
2303
2463
2765
5127
4205
5944
7819
102
4451
4397
6382
8180
2450
1416
5355
5213
3402
5448
7145
2682
1141
3935
2951
6324
1323
1292
1518
6676
2635
1754
5459
1249
1464
641
1329
4546
5664
6746
5782
1650
3023
5613
3994
2339
2193
8062
966
1492
6074
5965
7741
7136
7508
7852
6502
3491
2587
5003
8051
6999
4265
2877
6098
361
5548
6919
6966
272
6462
6139
5503
7635
7224
4520
354
2455
835
5059
5056
3682
2820
5077
1690
7417
1331
1157
584
1476
6536
319
7628
3508
1820
7843
244
647
8402
8209
6901
4621
2141
5128
6656
6404
2728
5908
3447
2172
8311
563
1653
501
2466
1651
7071
98
8042
3105
1289
6091
4052
5104
5112
7162
2236
8179
2925
4073
4275
5229
2269
8230
6550
7288
2601
3214
299
3794
7092
2595
4975
2964
1914
3012
3289
3830
5994
8353
4919
1166
7207
7840
5549
4670
212
308
1364
5176
945
3080
1693
1257
7345
1263
7662
7511
1040
5358
2896
2995
1859
4141
1287
2622
6001
2272
6058
6200
1738
99
4074
4807
7548
512
408
980
941
4927
415
1067
7648
5872
1752
5623
4238
5842
6071
8398
4599
843
5068
7806
586
5337
6202
1715
1638
5501
4912
4876
5376
971
7832
8454
6060
2660
4118
3018
187
42
3774
48
6838
8139
4351
785
3266
6523
6379
3790
6019
7898
4436
5413
1529
1169
5168
8053
4186
3744
875
6046
3416
7478
3280
2842
6800
3112
5614
447
7671
3373
2583
1623
1866
1418
4048
1883
3554
8109
3087
3261
5752
3223
2200
1176
411
6942
5483
6968
2993
6026
3028
2363
6664
6280
4752
5314
861
2971
4038
4899
1086
796
6258
4304
7308
4491
6479
1898
2023
5429
6417
5673
8373
2751
5950
6047
4780
1874
2322
259
4663
2558
5755
3784
7009
8034
4834
6103
5884
2586
3336
7299
4677
5410
3869
3873
2563
4030
5472
7457
2731
4027
1060
5473
3438
5057
5055
1193
2053
8267
3525
4452
8107
4482
1564
602
6773
191
6948
2232
6218
7046
2975
5792
7286
5479
2048
123
1262
1330
2494
5403
436
3753
5210
1613
6696
1425
2949
7408
962
7653
2972
6959
6562
6161
8157
6403
1132
5523
6246
5691
5568
3250
6937
6748
3714
4999
5560
2966
425
4647
1832
2276
7596
6033
4585
1406
591
7923
2418
634
2690
3978
1106
6051
6683
6344
656
4201
2152
8115
1884
5885
593
7978
8384
376
5538
7686
2065
8461
164
842
1916
2437
4840
7814
3002
6038
4299
7111
1806
7753
399
5820
7052
2615
8344
371
4712
6167
3868
166
2576
4306
3585
8022
6406
1952
3297
7879
6362
6395
5361
3178
2256
5485
8306
2273
896
4285
5421
6110
1221
3478
7276
1090
6226
5592
6386
1569
428
7933
6594
5226
3517
5967
8283
3885
740
7407
1601
3613
6873
6697
6655
7799
3061
338
1223
4116
2444
5404
343
538
442
813
4672
7689
5558
3340
6152
6669
7733
3131
4833
3039
7640
5911
140
7201
7053
7512
1762
355
1339
2301
1111
6507
7619
7998
6645
3241
7083
781
4179
5742
611
8003
451
3304
2259
1355
6400
628
350
7250
898
7916
7399
5968
4734
2903
3155
7043
4898
561
7749
2781
3886
1708
7593
5336
1521
8432
7102
1055
3505
7654
7151
6329
4879
5517
2221
4348
85
2113
8346
8466
5770
4414
5861
3167
811
4408
5414
3205
8272
8246
3020
5092
6522
5185
5915
143
2041
1582
6326
3538
6070
3019
1537
456
8190
351
6277
1999
1723
7867
5445
5005
7051
5696
6064
3147
4990
5432
4966
3278
3604
4744
3570
7855
2126
1685
3665
7634
1887
4686
3599
4068
3011
4381
3842
8332
1247
960
7139
5393
6590
7669
2611
1039
5795
1896
4732
490
5783
4864
8093
1431
6301
4895
6363
7058
6907
8225
3082
3702
4183
481
3376
5909
6209
2261
907
1264
5646
217
1411
1064
7464
1543
8066
2628
6456
8231
6241
3729
7463
1742
7865
3581
5274
6897
6220
1633
6122
8401
7960
940
4053
1235
3579
6156
1427
3528
5698
3958
1695
5420
7015
6252
3555
6186
5454
7622
6171
4605
374
2359
1829
2943
1876
583
8001
3780
5419
1587
1291
1201
6738
3563
7829
552
4923
4181
3239
2347
3352
4209
3302
6722
773
5111
32
5202
7810
2103
6944
4559
1189
8038
7067
246
1839
1015
1063
5320
2603
1224
5730
2014
7906
8165
485
8182
3143
1706
6765
2722
6077
7838
7238
2034
3146
6328
2590
4725
876
6563
8012
2881
2002
1032
3706
2675
377
2827
8252
1341
7150
2426
554
7214
1479
6381
7868
1626
3882
957
4075
7012
3451
6217
4202
4011
7591
8239
3123
3489
2234
6823
8358
5418
5194
7469
803
2324
2787
7402
7154
7322
7558
6646
7277
7664
7636
7313
5261
368
2864
6490
3153
631
3245
3605
1145
5471
5208
3397
632
3177
6889
7341
8300
1955
5254
1973
7133
5029
7155
6433
5172
7483
2378
6185
4526
7458
4385
5065
4453
5422
5094
7912
6183
5093
4902
3226
7950
8123
5641
7310
4253
6955
5843
7709
7212
1610
7197
7191
4379
3333
325
2493
8355
2306
1525
1472
4158
557
4976
794
5324
1253
6566
6723
4213
4084
2409
6192
8195
5508
3317
4731
5848
1670
3372
2080
2907
5154
2026
7873
1681
3355
6547
4594
5869
4871
6561
6758
7986
4624
6766
830
2240
6615
7797
1089
1080
2650
710
7679
2482
3947
1159
8319
3371
4092
6154
2808
968
4642
7243
2275
4812
1056
7433
6350
751
4429
431
6540
5177
2916
1760
671
3051
114
2750
1059
346
1413
3899
4333
5206
6863
7185
1126
1403
4920
2918
3997
5145
1800
1379
3392
684
419
6731
4373
1447
1006
5507
312
6811
6131
2621
407
3844
1151
2647
4697
6542
2961
1016
3941
6582
2681
3653
3229
7734
6935
6273
6448
5866
8181
996
6928
3299
7373
7864
101
435
3291
5570
4490
4791
3148
2438
349
558
5427
5298
3316
6657
3821
7748
955
7743
3629
920
7425
4615
158
3135
2038
4302
6104
509
6088
4400
497
2157
5999
7715
933
999
5661
6129
1208
1711
7692
2439
4877
5683
3758
209
5250
6485
6674
6388
5372
6423
2568
6420
8293
2760
2315
414
8185
5119
5645
6372
6543
1688
5935
757
6900
7769
5367
4700
6617
6703
2795
2953
5458
5976
413
930
6494
637
3007
1022
3502
3457
8371
4626
5728
6042
3564
8114
2138
65
8249
2247
4696
3788
7968
7431
7047
3227
3972
3559
4235
8357
3800
1940
2085
216
1276
3272
5162
1863
6177
2336
5401
1510
771
3091
8144
989
8007
1953
7095
5260
7866
1684
3583
6480
4199
5660
5996
1746
1038
5166
7991
7677
2939
1611
4497
5446
5609
5942
8099
2329
6235
8242
1542
1328
7383
6686
2165
7157
5637
969
4064
7890
8045
3475
1583
7186
603
7444
2407
2149
7984
8425
8197
1697
493
3904
6292
2146
93
5906
659
4078
630
756
6614
4534
8011
4779
173
4097
4182
4860
301
6348
4089
4477
8210
8224
6784
5702
4392
3707
7805
4843
1771
2132
1541
923
4730
8394
1255
104
2641
4795
2642
1057
4398
6236
1812
7543
1381
4242
4794
7505
1686
6451
5476
6222
2756
6739
3939
1470
965
4410
5190
7547
6005
6576
4623
4763
3588
4427
2659
4759
387
959
1818
8212
8393
901
5437
4470
2238
2669
4108
3520
7181
4924
8019
1477
1204
2915
1352
4800
1683
4122
1123
5316
78
551
7631
1493
856
4049
5511
6402
6939
3841
4784
6392
4175
7397
7324
1207
5593
5159
2604
4107
547
4714
6317
6293
439
7261
5659
8080
2454
8137
1584
3046
5597
3479
8421
3212
203
2498
2368
3715
8002
7507
1069
8142
1948
7079
2123
1357
4290
4364
5426
908
2575
3617
2968
3063
6419
2093
4337
6857
3056
8036
5132
7381
1407
3363
2001
8095
3805
7218
5657
694
3967
8010
5475
1511
7368
7891
3897
6572
1354
1577
7244
4539
1389
7144
4380
6531
8360
27
3425
2010
2892
4142
5920
2912
4869
2509
5832
2591
6184
8391
8141
3162
895
5390
1975
3070
210
2533
7264
7627
7172
2058
2129
5161
5992
4476
6871
5179
345
4110
4093
4318
8317
1306
402
8024
6245
2206
1290
7202
2867
5099
7980
4909
683
5023
5765
1792
6565
1278
6844
5663
5096
5110
6606
4162
4648
7859
6407
4598
2488
2833
3276
1939
7
5085
1465
8088
2447
2011
4416
2274
2797
5740
8320
5891
2997
7335
4031
5779
2962
3646
8196
7907
5656
1891
1576
1325
6952
444
5504
5036
3877
8220
5587
5936
7644
8381
5297
4286
5102
5217
5440
6677
4066
7362
6895
1272
4203
5425
2585
4406
793
7607
2121
7415
4816
8235
2159
7952
7068
6538
4837
2227
6893
7526
3476
5165
7623
3509
3940
5315
3470
1640
5773
1703
1809
741
4131
5391
2741
4367
6075
3946
2782
7174
3542
1970
4965
2521
5859
289
7951
7687
600
5746
7617
7024
6958
5905
6066
8133
8243
3636
654
2905
5701
5921
2883
7088
8160
6082
676
1599
1484
3601
1774
4454
6130
973
6492
6755
812
3932
6332
5124
3990
2105
5881
5750
4537
1523
4917
5012
2704
4804
4567
806
6743
5760
2021
352
6072
3731
4949
3798
4556
5060
2821
486
1130
7585
112
6567
5719
4629
4821
5257
5689
5940
4484
5870
3042
2987
2837
768
4184
5492
199
344
1439
2670
1669
3008
5196
8279
7470
6805
3458
222
3189
2208
5732
1963
6708
3483
3976
1294
8459
1954
8294
4892
1091
1160
4421
2574
6868
1453
5903
7765
2166
491
8383
752
4524
5293
8134
6745
393
4662
3499
168
4796
6780
6632
1825
5681
5187
685
2098
1075
5520
7137
4284
225
7996
2957
262
1437
4758
3292
2178
3660
2290
2901
7937
1498
7298
7380
2449
3796
934
3412
7152
3102
3602
1273
3385
7239
4808
5895
8452
6251
3231
36
34
473
6533
1001
533
8075
5321
707
5090
7905
1879
1778
6374
6641
2702
5312
2127
3902
4619
5679
8077
6920
4607
4549
8247
3964
549
7220
503
1466
1197
7965
156
1657
3141
6619
277
7302
5830
543
697
7271
7609
635
981
822
4935
3789
5135
948
6987
3328
2967
5734
7844
1747
3745
7295
6198
7993
6010
2733
3420
6052
4513
1460
1737
2758
2709
1194
8116
1261
2854
3764
2950
1010
6659
7974
5772
11
3253
4691
1044
3915
1614
6624
4866
3681
7436
4592
6041
4704
3462
755
5530
8101
4249
4035
3275
6904
7284
8138
4281
5113
4059
817
2511
4803
809
339
6574
7772
2060
335
7446
8184
5922
7688
2224
1929
5819
3221
4309
7376
4016
4198
1901
4847
4625
462
3511
2327
7992
7794
6111
7192
1251
8238
867
805
1604
4004
5323
2526
3680
562
3927
3015
2374
1180
6212
8016
3349
5889
6764
2936
4630
420
2492
759
967
181
6596
1851
7783
5270
3387
2825
6272
7955
2443
3954
8356
8463
6000
650
2630
7461
7624
7208
709
1865
1739
7629
7027
7961
1867
1769
2707
6872
1167
1181
7099
4363
2133
7990
6515
4849
5946
7964
1005
6276
4980
7911
2639
6464
3277
2153
845
7496
8232
5064
2122
7454
5209
5500
4757
7296
1488
7494
7430
1
1803
7087
8418
4409
1136
924
326
4653
51
8164
6964
2214
4719
1741
2844
3890
3052
6814
7360
7693
645
3607
240
1847
8105
617
5246
5157
7294
5296
6651
4246
3656
8063
7737
3111
6831
5874
4945
243
1327
3471
7205
2228
6004
3959
519
3586
7675
7270
979
728
5688
1979
7078
6132
6841
3071
4761
6903
991
1035
5264
8050
4933
2926
1120
8437
7827
2594
6455
975
7534
1871
1678
8441
4601
2774
7632
2059
3861
4412
3044
4749
6965
750
8046
735
6084
3
3314
2071
7109
5014
4399
7106
6499
6187
2371
267
8407
4745
720
5625
1880
3815
1837
944
96
604
1433
863
1606
2646
1428
487
4698
6801
1077
1501
1722
778
6854
479
1749
3647
8191
3410
6021
5933
1694
2627
956
2196
3215
7259
1744
6742
3203
848
6988
7337
8073
7316
8460
666
6036
7189
8110
2370
7090
2092
1786
887
1013
7808
7304
5969
1296
2984
6398
6770
2599
8085
4439
7928
4737
6700
3687
7529
6409
686
7003
8271
6853
599
5888
7019
4845
5019
6383
5449
6219
5433
1699
7392
3119
6422
298
560
7421
6160
2181
1904
8451
7877
5463
6008
2403
515
6128
6791
6603
5557
8361
7361
2861
2310
5121
5245
2286
2148
1138
5411
3723
8170
1913
1421
5451
7358
4773
2763
6859
1951
2593
1748
4679
6985
884
8071
7729
1173
3273
730
6061
8322
5140
2241
7587
7274
7370
4580
197
1561
606
3874
3128
8146
2640
3384
601
2761
642
20
5147
2518
8343
2811
4021
2532
837
2332
2184
3655
4462
7026
6415
4133
5674
2083
3237
2619
2839
7221
891
7094
7242
6880
3609
178
3173
3971
1202
3319
7501
1821
674
698
7014
59
2624
7889
1776
5343
5074
7727
6642
2846
2035
6687
7063
4000
360
3233
3295
3379
2573
7364
6718
2209
3196
2411
3547
6319
1921
7000
8419
5091
4282
3193
574
1396
1129
3350
3137
4081
505
1888
7846
6847
6946
5408
6472
4682
2086
6213
5364
2710
7578
7445
6145
4478
5810
954
3956
5649
7423
5230
6716
5552
170
6730
517
4204
2117
1436
6331
5101
3692
4888
2245
6882
6528
4839
8148
4261
4125
2789
66
677
6262
7432
5573
10
705
1242
6778
6788
2928
229
2054
236
7400
8098
4955
2219
8427
3480
3626
2547
1068
5406
4631
6426
5164
6910
5899
3403
6803
3001
1736
4103
3691
4471
6685
378
2824
3770
2803
2287
1719
471
1319
5553
8328
3966
3262
5531
7396
2387
432
5136
4061
182
4936
2810
5248
5240
7300
7262
1034
6086
764
1588
4340
4790
2904
6134
4485
7031
5943
4164
5638
5617
3645
3916
1309
1424
5598
1608
1924
8347
2569
777
8175
5831
4231
2340
4668
2489
7683
6702
6172
5144
4487
3510
7815
1987
3807
8060
2212
7883
3642
7050
1408
589
2395
1369
6711
5985
2016
5880
7704
8145
706
665
8289
529
2945
7334
3743
4192
7524
5332
3274
3422
6575
6176
7621
7452
53
6891
7287
3575
2698
5632
7057
4838
3058
2311
6682
7489
5697
8100
5302
1216
3587
7544
2921
1104
4634
1922
5825
5262
4335
348
7811
2168
33
2878
3375
5170
605
4317
7697
5521
4178
636
1704
8152
8274
8199
2266
4741
6397
4167
6146
8035
8254
5653
6027
6210
8228
2423
4228
188
249
7429
4322
2885
8457
4617
5867
1980
478
5235
2281
3427
7997
5295
1602
4608
3334
1215
7148
6214
5670
6836
401
952
6592
6166
3309
4365
5575
6694
190
86
6430
5588
1844
7941
8005
5122
8282
2372
7884
2847
4262
690
1014
389
5495
5303
3906
316
7064
6127
7060
4033
5875
5941
7081
7280
3895
4678
1909
1266
7837
6808
7062
827
3514
1917
6519
1717
1991
8263
2513
38
3632
2187
7176
2754
7132
4357
7441
5269
5764
5276
2609
1282
6892
2097
1342
6949
7823
3407
8240
1308
6452
6813
7792
6768
3075
6504
5438
8096
7915
7265
7666
7403
1311
6068
1219
3795
6163
6678
1761
6595
1383
2785
5386
5180
3440
3849
7149
220
5146
6512
2405
8203
8416
6458
5081
5087
7957
8268
275
7229
472
8028
7744
1680
7567
4032
6418
3530
2753
4982
4274
7796
1516
1212
7020
1162
8376
5581
6931
7075
3183
4111
125
4467
6120
1628
7858
3568
2917
4130
4751
3727
7134
5365
8205
2032
1442
7135
6663
1305
4146
2887
1644
5439
2036
427
7118
7263
7647
6737
4754
8136
4627
2629
2170
2199
3911
5026
3710
1508
4733
1740
6094
5000
2897
731
3738
1546
6530
2150
1485
3206
2866
3816
1526
1258
1374
5155
3643
4334
2360
2499
7237
2203
3858
3485
7896
7712
1093
6790
2047
3242
2461
7055
5901
1237
4098
5865
5743
1188
3246
6294
77
4152
5042
6505
3022
1968
6157
5389
5798
8081
8103
6411
6824
566
864
167
7592
268
364
5887
3391
1941
2994
854
6875
6734
4347
869
6225
5290
5854
5807
853
678
5822
3900
4530
6143
3650
7336
6073
766
138
47
1506
6883
6560
1144
5572
4474
5522
3265
855
5964
90
7604
1586
2299
1943
5973
7475
2940
2448
502
3944
6306
7994
8324
1548
4981
7938
4766
3949
1489
638
1438
3822
3296
6751
4166
7269
8399
4150
4456
5616
3305
3872
6529
4968
7987
6845
1338
1895
46
8287
3030
5878
6175
1229
8331
5914
2937
7025
470
2064
3247
4307
936
3366
6032
3467
7752
3006
943
5534
7584
3640
4886
7519
1960
1920
7588
7124
5203
1394
6316
4854
124
6625
692
4113
1213
3633
555
3955
6658
909
4792
6698
4824
3256
5009
2788
5761
3760
7667
1218
7509
3782
2517
6164
6352
4063
116
292
5175
1656
5277
7369
1798
5347
2668
8082
1567
8411
207
1597
452
700
712
2317
5342
5883
2420
2233
3000
4289
4628
161
539
7775
1923
8121
6990
5879
6376
3573
5116
7173
7404
8013
4057
3543
2390
2163
4358
1122
2858
1730
4963
3957
1178
1349
5006
5412
4568
2207
1072
3202
7702
6953
1046
4695
2780
7303
310
4393
840
1320
1154
7963
8400
6470
1302
2292
6559
5308
6438
4430
1902
5896
1461
3395
1893
7490
7115
71
3127
504
3659
3880
62
7649
0
7552
4502
6915
55
6534
958
5352
7586
3389
5339
2473
5201
3198
3010
5109
4811
16
5984
5371
6843
2538
5778
8031
3734
180
4897
1507
1203
2369
1540
6037
6636
4600
6390
2974
4881
3893
6216
4067
6545
7982
6346
5791
3429
4938
3013
7317
1356
2289
1121
1751
2189
127
4882
1997
6943
6468
1938
4651
7225
7256
4772
4510
970
2512
5241
5796
2607
6165
1137
7160
4743
595
3434
4904
5977
3301
8453
2164
1793
8236
2391
1358
7818
1726
6207
2084
3840
5556
881
784
5710
2131
4486
3501
49
4756
6867
2284
2930
3393
1701
7985
1591
4019
4747
2282
1468
6601
6366
1655
2386
4257
8058
548
6622
2394
2703
4480
7804
3188
1143
6587
4504
5107
5100
5288
2706
5513
3879
334
7872
4450
1110
6024
260
1071
675
6191
7565
4332
7975
3160
7536
7190
3390
3608
5287
6133
6921
6639
4797
6180
5400
6860
1795
6719
2551
3825
2308
7427
4540
1661
3523
3101
1079
6232
3033
1856
1241
8297
6233
6364
7690
8153
2280
540
4574
1757
6138
2300
4298
1639
3285
6924
8377
50
4658
5189
5307
2505
1340
4013
1721
3619
3968
886
1801
1539
8333
6368
833
3225
541
8281
5380
6501
6913
1076
8336
3722
4435
7311
4165
7170
4300
7755
2759
7757
6256
931
5945
2649
469
8026
3337
3257
5134
2672
1230
4591
347
2436
4716
7258
5354
2667
4654
588
5167
2960
264
5652
893
5018
242
8288
4279
2503
1385
3863
1322
423
5929
3034
1410
5313
6925
2015
1971
7153
6520
3984
2302
5788
1239
3048
6660
5643
3720
6045
2806
2355
2147
1517
3439
1619
4522
4468
2982
7930
3268
6877
1163
5409
1808
4423
4855
6289
6762
5948
8226
6043
6323
7465
2068
8403
7684
4194
672
1481
5047
1986
4684
3209
565
3592
5763
6828
5013
1402
6028
2421
3477
3654
3125
8169
6524
6506
5826
7720
5326
2161
8217
283
2031
2579
4024
5956
5647
3050
2941
4557
4835
3888
1857
3678
5133
8447
6779
8284
3344
8260
6385
4217
2349
3351
1480
4172
3283
5249
3812
4983
6255
2402
4488
3961
4956
1200
4390
1594
13
7903
7016
1149
2652
4729
1664
8135
3126
4907
964
3197
1962
5350
7418
7456
2108
5097
3628
3411
2344
2834
5153
3060
2666
3644
7292
6532
8369
5258
3086
6206
7167
5724
8087
8037
5780
397
6339
7946
5382
536
7958
4552
8079
615
8270
2693
7121
3481
4324
1533
3766
2631
2812
6940
2771
3370
8327
5292
4034
1822
6454
4825
1165
1647
838
4169
151
7825
2246
5272
4913
6189
4395
381
7422
3054
7559
3120
2432
2836
3168
567
1058
324
3925
6870
375
6391
1370
7784
5769
1284
1944
5041
3388
7147
761
1451
297
5544
8166
4121
6140
1907
7275
1288
699
4417
5149
527
3810
441
2283
2061
4018
5762
6627
4535
2502
2081
3901
2007
2876
6918
4360
5583
6763
4297
6930
6865
1802
6741
2625
5356
5252
8295
1070
8112
6048
937
7504
2028
4916
8059
4425
607
4001
5892
4977
7182
3139
8043
688
4218
7007
8178
3224
3777
4464
3192
7856
1228
888
4532
8277
6777
2406
865
8119
6049
1028
5182
6912
2399
4120
3154
6721
5564
3284
911
2485
7572
1972
61
5031
3969
2348
3845
3244
5431
3981
8374
1634
1390
2671
7541
5278
1574
657
5747
5835
6631
786
4342
6769
7372
1443
238
7374
5808
2880
201
3740
6496
6174
4586
2180
2664
4316
1788
6911
1942
534
2225
1682
3045
5642
4673
3666
1440
6141
4458
4147
2845
7346
3342
8392
336
2976
7716
6974
8143
5966
3686
6850
1783
4717
4375
8366
3855
3443
370
1387
6648
4407
4114
3829
2262
8253
5318
1635
152
6957
8310
7934
2039
949
7085
4060
5720
2755
4010
3799
1596
6401
5078
5991
7847
7193
1590
5606
1668
7348
6327
6450
6260
2242
1271
2716
4870
4444
4448
4579
7595
2548
5237
2855
899
7227
3079
3185
4045
4531
2331
7553
5771
1545
6993
1100
6080
309
323
8326
4525
518
7066
445
3110
6240
5138
3066
5496
6759
4636
2136
2253
4778
6349
7405
3094
3166
2456
2712
6300
4709
3220
6257
4774
5793
1469
8156
7086
6375
4440
1081
4541
2522
7745
4269
5174
3338
6460
8465
846
8211
652
2899
6113
57
5972
4989
870
296
6121
6809
6155
18
804
7917
998
8266
2796
8330
3709
1227
7184
5493
6578
2118
3031
7491
2013
2983
1377
4422
353
1549
106
1108
4311
8163
1709
4428
2863
8192
4313
4655
4402
294
3612
6394
3637
271
2684
1478
4836
4387
6030
7347
3772
2955
3751
4548
4606
8200
2528
4301
928
3943
2822
507
4461
5089
7210
1019
5533
1868
5601
770
3571
3998
118
4278
383
321
1061
5676
331
2954
3230
3077
8258
4329
7141
2358
4753
7546
7659
1672
3752
2606
1098
2055
3090
4573
4085
6025
3251
2398
5547
5721
7948
7209
4578
2186
4259
6498
6425
1934
1759
5717
1858
6040
3685
3207
1753
7306
824
7482
8291
6621
4243
4314
6427
4258
6182
5737
5958
8385
8161
5383
2767
4814
5178
1092
3455
927
8292
4851
5362
5849
3219
2462
5002
7378
3248
1787
1030
3442
1365
2434
7499
5396
6341
2800
2278
4171
4157
7285
4046
6296
457
5605
3875
29
8298
3446
3887
2744
4449
5847
4270
1232
5084
3797
5802
1714
8154
2252
3672
4723
5285
667
2249
363
5114
1927
7967
5443
7717
4856
783
3814
5363
4806
1617
2223
2385
2817
2095
5067
6298
2696
1995
5123
6365
4211
7326
4345
6588
3930
1659
2267
624
7597
7633
1432
8303
4947
7860
255
1558
798
2062
6815
3466
6336
7598
4575
8413
5776
7521
3232
1275
6169
386
2686
4523
3920
6799
416
1663
2169
5828
2734
5784
119
3176
3670
1463
1422
4349
1527
8409
8091
2673
2807
4514
189
6608
176
4693
5126
342
6229
484
6114
4739
4905
627
2125
7678
3032
2804
211
7817
2830
3690
5491
2938
5589
3776
1011
3047
8318
579
569
5631
5912
7668
6304
748
1552
1415
2656
6318
3161
718
6807
392
3802
6902
317
5955
3252
6173
8417
821
7375
6250
6789
5428
4255
5963
1497
5402
1119
1184
6056
4883
1198
4885
4383
8155
4844
6242
4669
4610
3756
5193
5381
6201
5405
237
1852
322
7413
7318
5082
31
7032
380
2375
1559
8415
5052
4185
3866
939
7161
142
5335
2776
7754
8334
7851
7356
4294
4786
746
1360
6107
5543
3014
5774
8248
946
633
7569
3059
2305
463
7117
6887
1404
193
7103
3335
7424
3103
5455
1131
5707
5063
626
6934
1631
2989
2865
5357
3374
2000
8049
1789
5070
6640
2798
7969
860
1712
7795
976
5186
3217
594
1004
1420
7575
6982
1310
6668
4405
7080
7845
6795
6211
5814
2871
5756
6063
7594
7875
6178
5143
6158
2190
7528
1434
3600
252
3129
693
2544
5045
1889
3921
8187
7759
2130
4560
1946
836
715
5039
2384
3343
7614
3433
6568
1168
4343
3117
107
7477
4782
4645
3040
4283
3742
5815
8125
391
3591
7949
2052
7200
1353
1446
266
2257
3974
1214
6772
7112
95
110
3243
1528
2218
2805
4396
7513
4499
7320
6539
7782
295
6283
160
6618
7180
8044
2592
2922
4139
2588
5222
8159
3461
8244
3546
357
6692
1733
6981
3096
3905
2838
3909
3300
5079
3778
2309
3287
4944
1042
2487
2717
3719
2523
7573
1454
5017
3068
1397
395
1609
1796
4382
4426
7739
1814
1347
1078
2527
655
6652
5578
7493
4562
5499
6334
488
7603
7983
508
6453
418
8276
4047
535
7835
8106
2009
455
3952
1301
5394
7705
5368
196
8251
2109
738
3142
6667
35
2
1869
458
2694
2251
4069
5876
5989
5488
231
5610
4519
1307
7530
7730
2379
3763
8364
4039
3962
5555
2935
1107
6756
5021
3985
544
5851
758
4587
1366
8375
5727
7315
3279
2924
4622
3503
1267
3474
307
2637
935
4224
6733
6065
2536
1279
742
6874
2802
7885
2996
2066
3320
3982
1147
2483
3539
39
1834
1615
5634
5053
7652
7742
4555
2497
4221
6343
3234
2484
1853
4810
2033
5080
3494
1008
2809
6337
3544
1024
3787
3980
5474
1698
651
8435
4237
7542
3211
3394
7044
2373
6014
398
7332
3399
912
4988
291
2651
802
995
3791
5591
434
5395
2090
3358
5897
882
2870
8074
3364
2835
6633
2701
429
1333
4638
4443
2441
4132
7786
7386
2856
315
6816
2608
3159
658
5228
6144
6675
7642
8340
5722
8173
3043
227
6444
1265
4210
7583
4815
5044
311
4155
7773
4581
3876
6440
5524
4469
5251
6076
3700
2927
3025
7834
2662
6195
1148
5949
3133
4127
2294
4817
3306
2633
669
8307
1037
3487
739
7643
2552
1674
388
2775
5271
550
4432
4767
5725
7393
3679
7616
2472
6199
6885
711
1047
7892
5198
1976
5300
4547
1269
302
3267
5622
3009
2597
7699
5037
4724
1297
6701
6825
7305
4336
8189
475
8202
6662
4055
3518
3157
983
5648
4189
2445
3492
6475
2947
2546
2442
76
5291
7312
278
250
2657
3327
2610
4320
2742
2250
772
7416
3074
2529
4247
4507
1482
88
4374
2114
3937
5424
8386
8389
7800
871
223
3151
7104
113
8378
3552
4506
3121
2176
1648
384
8229
3671
3041
3386
6389
2813
1870
2474
1066
1270
4946
6714
3365
5232
7518
6369
3322
7590
3792
3910
2094
3854
8467
2515
524
8429
72
1052
7492
559
2884
7522
3454
3773
4234
5150
2801
1957
5214
3661
5666
7384
7169
6672
1797
922
6371
7130
3986
5599
5497
5224
1448
2459
5635
2893
6705
1043
2383
5799
5334
1051
3095
174
8070
4091
531
1362
1965
2496
7785
3081
4996
613
5680
4017
6429
792
1388
5158
7487
369
4561
2853
3708
498
3347
2980
2525
3862
5236
6552
4411
2911
7498
5242
6797
3401
270
5937
910
4597
3003
1393
468
5749
4481
1755
1842
1557
7125
5540
3919
592
5898
5787
4620
4188
2815
330
8065
1102
6017
1928
5621
6644
7301
3668
8064
7746
6092
2297
7561
7281
7394
831
4323
6908
3557
379
4771
7187
679
4496
6307
6299
2173
3553
5629
2862
3450
5633
6320
1805
5033
3768
2965
4161
2944
826
6022
6322
4940
4921
1827
4419
6876
6234
7344
520
849
4005
5088
7863
2934
3124
3847
2977
3213
2413
2096
6342
2179
204
1155
2231
6810
2724
7976
810
8030
1828
1457
1026
2194
1139
1378
3533
919
1099
5873
3833
3853
1186
2692
4994
619
2524
4115
117
2663
3134
5069
5498
4287
3721
7798
3431
5434
4214
2056
5919
3326
2919
6288
2981
5537
3576
3486
744
4149
3216
6310
7803
4660
7203
913
7437
5981
841
3286
2906
6665
5219
144
2614
3928
8312
7876
587
2151
5757
3548
904
3757
7459
2248
7767
5715
3590
2323
5225
2910
82
6224
2263
6284
2691
5328
3610
1490
5729
7532
4028
1770
7054
2890
7897
6413
4593
8219
5195
8408
373
753
2739
3378
5532
7131
4136
5231
3806
4550
6670
7411
422
873
7725
2732
129
8335
1351
5845
4764
8431
5325
1502
4025
3345
4666
510
4789
662
5952
1816
4180
3194
2572
285
3409
2929
2902
7721
1985
7282
4985
3898
6855
4250
2643
5970
3199
5628
8233
6358
5415
3999
3584
1556
795
4236
4170
4109
3951
5034
736
3755
918
1113
6338
3249
5370
6231
2341
7253
2260
2486
4831
6459
1578
5072
3850
7599
2571
6975
4394
5519
136
801
7789
1268
1191
6039
1555
7570
2082
8390
703
8147
6643
6069
3839
4611
6102
6508
5723
3259
5169
4072
7871
1745
1027
6099
823
6782
4889
7571
3324
3472
5687
482
2875
6428
1127
3979
4338
4922
1935
7448
1206
6544
3035
3354
646
8068
3912
4846
6706
6482
5913
4006
8448
6153
5655
7972
6197
3931
5348
1096
5452
8450
3353
3332
179
3468
7979
1399
5267
2211
6168
421
745
4041
807
3652
3163
221
6148
6137
5686
925
819
2519
7833
1579
4984
7354
921
914
4750
4341
8433
1298
5338
5626
6932
5804
8213
714
7266
7925
6866
5744
8118
1729
7698
2222
8422
8126
226
4437
724
7707
2723
7812
3452
5377
6356
6150
4859
5712
1817
2337
224
1435
7331
5480
7560
3493
3218
2567
43
1882
5117
5331
7198
6518
4455
6699
5998
3596
7410
3180
7809
5322
5349
6917
1612
2534
3615
5369
6466
3779
4219
5360
1554
972
3294
986
2352
5345
5685
3303
3993
3657
3871
4457
8368
4613
2868
3527
3089
6796
5058
5373
2051
7159
8367
4707
612
2501
5040
4413
6136
1277
8117
5551
6105
4438
4762
696
737
97
433
2460
5022
3781
3330
5286
8132
7466
6511
2514
159
4545
8304
5567
1764
4813
4099
6023
1391
8094
2979
7059
800
4268
139
6690
571
7605
8171
7233
1503
7630
7497
3995
4687
7479
7011
1504
3496
5453
126
6881
7966
1843
1784
5050
2415
2730
6057
2087
5640
3186
3408
3884
3136
7943
3852
2726
7164
5576
7515
2589
5669
1658
329
5850
511
1758
3498
7077
7443
1637
1775
7610
3445
7460
1625
1049
6117
5550
150
7673
4748
6945
4226
1133
6693
2027
1452
2350
7945
3803
2361
5877
3913
1175
6950
7105
1782
4872
6938
3804
175
4699
4805
1791
2832
466
4193
6725
978
6079
3891
889
7339
695
5430
2476
8021
2019
2425
4346
580
366
403
306
7234
4910
396
5766
1401
3318
8345
608
2791
4616
5183
5858
230
5108
4124
5211
6227
977
1990
6781
1772
1692
2661
6933
1890
1641
6557
1932
7768
6230
6432
2480
1187
304
1179
108
6106
5289
4995
7954
3593
3415
6305
7901
1983
3582
4715
6408
5580
4479
7252
2991
3934
7072
257
8020
4251
7932
4618
3181
417
2737
4728
3769
3917
2030
2783
494
6707
4962
5971
202
3762
5860
2077
7340
6992
8406
7414
7398
4280
248
6684
6704
2160
2565
4564
2920
1384
4508
7551
1873
4156
6248
3641
6243
69
1386
5975
6254
6083
4138
4939
1773
3359
1673
2793
8041
4908
184
6936
644
4708
4703
556
7290
3187
7900
7391
6972
6085
7579
1095
2491
839
6302
2618
1689
4037
1675
2948
2695
6607
3933
3635
754
2167
661
2099
2135
7257
5469
2433
3820
3115
7222
146
1462
340
6786
1134
1449
8299
4245
7537
2831
8250
4020
4212
1544
448
6691
7685
7123
4079
8464
3293
6264
7297
2017
6581
2720
70
2226
7447
1532
4105
7672
1735
6517
1854
5932
1514
1592
7870
3400
6100
3950
3639
6253
5639
4388
1343
5218
2396
6976
1475
1286
3413
6864
7406
2678
4498
5855
3828
4325
7474
4119
2658
4168
4937
4776
8388
7681
3801
4143
3037
3683
4770
1562
8424
883
915
2872
1031
5821
3996
7314
1894
1573
4086
3732
5827
7070
6237
4361
1430
1414
2296
6353
465
5407
1316
3809
1910
4223
5397
523
5529
1716
7839
2110
8176
3675
2333
719
7488
570
4688
6973
2727
6680
2154
5281
1050
5805
1766
2721
7343
128
4154
5010
4588
3072
691
409
5197
208
6760
4117
2520
2848
40
4500
3288
358
961
4973
1065
4742
6771
5754
2307
5838
6709
8234
4050
4106
3750
3662
4264
9
60
4848
4563
8382
7481
6635
147
7166
2679
1021
1571
5960
6159
6481
7602
