554
5418
533
6382
1535
7779
6055
7711
2626
4782
3476
3656
8416
5101
7791
7843
96
6327
6293
8368
6255
5850
3111
2073
557
4655
2702
2882
3252
7331
1005
876
1526
5508
4537
6535
4248
1721
4757
3634
1660
7368
890
5283
3549
4891
4069
2710
8276
6355
3937
7178
4173
5231
6831
8190
6559
7909
249
5065
1398
698
42
6966
4291
3588
2088
8266
1587
700
3835
6957
3594
1037
7946
5673
6101
7315
3928
6319
1110
4058
8220
6284
1744
4783
1770
8364
6012
1294
1903
1382
6241
1316
1886
4089
5155
3319
4964
3869
530
2121
8245
1624
8287
5785
3399
5323
4489
4433
4034
7418
3753
2016
6666
7040
5399
5858
4519
5039
21
5578
5296
4567
4513
8412
2439
6394
2373
669
8052
6116
2620
2887
737
6951
1140
25
1545
620
6388
7685
217
2506
1403
7474
2713
4823
3592
430
2966
6540
7588
7017
583
8330
7169
3196
1623
5774
4096
640
2005
5951
5352
6117
1899
6420
6256
4195
752
3140
5227
4943
410
1532
683
2859
8198
717
2825
7330
8199
1537
3457
2254
865
7634
2669
4158
8166
6929
825
691
168
2025
3954
1335
2387
6471
6391
6766
3143
3765
7036
902
6152
1245
6343
6445
702
7478
4816
1393
4244
4014
3283
5348
4794
3368
4239
4535
6587
4798
4875
6679
7969
7271
8444
449
7512
2442
4649
117
7054
6859
2403
7885
7735
272
8277
5818
4752
2426
2712
309
7854
4366
4687
7521
6449
6611
4933
6105
1823
4073
8171
2457
3556
5748
7569
4170
906
2905
2890
3558
5092
1197
3023
1728
7653
8189
5950
4464
7117
376
4737
7865
7496
1455
6543
6628
3864
1988
7267
5589
109
4667
3884
8168
3883
151
1327
5232
3537
1135
5373
3074
801
8155
5739
1492
2359
4396
5210
5234
6784
6034
2861
8280
2310
5904
3241
5256
4260
3165
5549
1208
2494
302
4814
1236
2950
6532
6832
3349
946
4063
5655
2522
3751
2731
8404
7641
3160
2831
6709
4219
3834
2244
1972
7799
8069
2116
5856
3026
6148
5640
1858
6839
3874
3148
5388
5121
2866
295
4894
926
706
6673
5663
7402
7499
288
3183
6254
7206
7299
1174
3169
2760
2455
3239
8343
3184
3014
7497
6081
6429
2607
2132
521
5067
4767
4229
8107
2188
814
3126
4455
4107
3352
6182
211
4008
8413
2808
8417
4094
6659
8203
2878
3443
7071
6067
3419
1781
5332
7873
2134
8006
6283
8175
7454
6765
7445
1257
636
3257
4713
4807
6539
1688
5783
5301
4954
7187
8262
1675
4619
3248
3467
4888
7727
156
499
804
4924
3787
1957
4961
5495
4552
6107
7929
3640
1470
1499
3727
1531
2759
7993
3831
8039
3942
2060
3668
7824
4026
339
2078
2293
5940
7744
402
7363
7219
445
4383
6415
7348
541
2216
3340
5923
1511
6668
2971
6475
7452
797
5496
5749
8048
481
1716
3342
6201
5324
5744
8126
5544
6847
6738
4617
3134
5826
6248
5724
3699
86
7211
3312
4302
5697
4550
7422
4355
5597
6786
2952
4528
7275
5581
2119
135
6980
219
8090
4936
6465
1822
3718
6727
4314
2529
3560
7349
2192
985
2761
7202
4262
6491
7399
753
3479
2210
7681
8027
3238
6745
6667
2228
889
4481
5669
578
4116
832
6876
749
3367
273
1280
5631
4307
7015
1805
1148
6395
1936
4907
100
2424
1502
5979
3943
3428
7116
222
6413
8210
4849
87
1732
3760
4847
2671
3948
239
3119
3821
5337
2069
5072
7639
7042
5872
7491
734
2039
1279
2541
6330
4650
7904
6351
8032
108
131
2770
3098
5419
5964
999
6593
6696
7
5538
7533
1080
2292
3132
7558
80
662
5461
2624
3856
8415
4887
1665
5125
5445
4674
6704
3139
4575
8177
834
3575
7650
38
3035
7176
4077
5460
2362
5055
1831
4719
1256
4165
5189
4873
3517
5585
2673
5574
6607
605
7448
6922
4339
518
5345
4234
54
4838
543
208
4141
3219
650
3289
6405
2007
4858
5833
4969
384
3365
1819
827
1337
6277
3988
3737
6441
233
1958
6812
6363
6721
91
3218
2572
1999
6796
5985
4661
2233
815
7622
4862
3524
7077
6154
7165
5551
3780
5566
5577
4934
3430
760
2124
2721
142
3306
3960
6385
4712
2540
180
3333
434
3278
7381
4190
5378
7304
504
3837
7874
5737
6643
7692
6789
6962
7060
1016
2644
5129
5676
3920
2160
5355
2768
2738
4640
4145
349
5766
115
3767
7283
3614
2543
7557
8424
7962
8000
5891
4121
896
2048
7305
3369
7517
6328
3311
840
4791
5699
4745
5349
2874
5475
141
7386
5160
3731
7218
1124
1461
446
7172
7810
7501
528
4091
5726
5675
2053
6872
2406
653
7633
5975
4109
28
2230
4597
5966
467
3383
916
859
5212
2843
7505
88
2681
2217
4271
2618
7209
2049
4061
6412
2480
2682
1477
4773
7412
5104
6750
8120
6423
8414
1397
8060
5417
3980
5064
7475
3721
5485
5143
492
8079
4408
2430
3785
1713
2782
1223
5103
3478
8411
56
497
4607
4422
4397
696
1349
6332
3861
600
5263
5285
5851
3135
2208
6976
5516
974
8200
2357
7732
2045
4379
4202
959
6115
7889
6671
6291
4518
3267
336
3492
2013
363
5570
3707
3502
3109
6645
7486
1415
5292
7248
4784
3991
2420
5136
2815
1419
36
1169
3051
5449
7573
695
7205
6427
3330
6331
512
520
2288
8228
8449
4923
7145
7200
2109
7601
3382
1480
6396
3150
7024
7256
7825
4332
209
3800
2657
3044
1813
5361
1229
7069
2908
5098
5086
2151
3463
8101
8125
3689
7807
6901
1334
8131
3093
8279
558
2243
8339
2627
6590
1199
4135
4138
136
3793
5612
2792
3554
4605
1935
7741
4394
5651
2989
3690
3671
4290
1266
3621
4462
2521
877
7838
2757
3916
3049
5882
553
1591
3661
7096
8119
83
2900
2566
7975
5658
2453
77
880
122
1389
3231
6558
7350
5375
1206
4716
7464
7970
7780
584
1885
8439
5429
759
2851
5519
5811
863
5322
870
3638
8256
2220
8178
4879
6249
525
7366
7887
5410
713
7455
1297
4216
3318
4082
2560
8111
6600
5149
4498
3564
2469
3022
5270
345
6076
5034
8233
6273
2044
3011
7585
3586
4853
2011
1247
7667
7730
4643
4423
4010
6353
5130
588
2946
574
134
1497
1182
3182
4454
3484
3657
3772
2458
6118
5743
5707
4387
5138
4048
6561
655
5158
7321
456
4133
3194
3506
725
4381
5224
625
7861
3998
4425
340
7227
552
5770
4776
1302
2348
1446
8033
4571
2365
7721
2429
3725
3691
3637
2982
7055
4583
684
6119
4487
4532
2165
4530
1964
6729
7920
5731
4697
2153
689
6422
6774
860
4738
6603
3801
3179
4154
5665
7018
4720
8241
6695
2289
7284
5668
366
1806
4482
5583
6300
6781
5175
4023
1927
535
4950
1978
898
953
5455
8148
564
3841
5068
6366
6703
6378
515
426
977
8337
1731
3411
8174
6340
6722
7506
2262
7397
53
5569
2162
4633
850
7835
2775
2382
4884
4362
500
7263
2548
6032
41
3105
7766
6145
7592
5482
2872
465
6759
3580
549
5237
2676
3581
7126
3030
1861
1434
3138
6514
4460
1872
563
4733
1102
2985
3507
5800
7645
7010
2082
3599
5297
3339
3857
48
3038
483
7226
7160
5281
7463
3079
5835
1312
2886
2898
6770
2466
3548
4946
7508
2368
2115
1170
642
1949
4829
8151
6428
2213
5974
1019
2459
539
7538
724
3020
1038
3206
2297
7433
5902
3408
2478
639
5630
6443
7439
7244
5246
7278
8063
4371
3268
7782
3491
727
8456
8038
7827
7781
5613
4029
310
8073
4992
474
7986
1358
6846
4506
3845
1489
5846
7686
6029
3063
5309
1651
5196
7401
2137
1986
6794
3249
1242
1351
5599
3774
381
6215
1072
291
6063
7100
7662
395
3164
3680
2083
5620
212
7878
8286
8040
4438
1797
7110
5953
4692
2667
5567
2804
6226
7066
7723
4426
494
3674
169
5260
2170
5228
4731
3622
7983
7847
1079
8402
8419
5174
762
206
6296
1255
7695
3008
4962
92
4523
3455
46
5433
5326
7374
7434
722
3822
6903
3853
1612
5016
3400
5276
3605
1025
186
3027
4389
4168
616
1585
5565
4420
8070
8365
8237
304
7127
139
6984
2925
1563
8329
4892
4472
8246
7926
7638
2879
2376
4030
2479
3873
6040
3670
6130
3120
5910
3973
6809
4007
5809
4874
3716
2582
6506
1376
5716
6612
6302
7056
7268
1216
1852
6541
2197
5504
8390
4304
5233
6463
7390
4869
6156
2717
5242
1629
5177
2873
7212
4955
4442
8446
3059
4691
5993
2384
5084
7941
2181
7602
2180
4131
7067
334
6581
6631
1924
8291
5837
8406
2399
2897
1342
7440
2970
1621
5722
1743
3276
2974
399
7485
2145
1734
656
24
5226
7197
570
7821
3569
1144
4625
3786
7519
7274
5202
1214
3789
2513
3137
3566
5840
4337
1014
5654
652
6109
1427
4994
2158
3172
3386
6576
2194
1808
8272
6752
7329
282
3136
2352
4790
7623
2549
4212
1041
7070
632
2785
8023
1451
2196
6483
3313
2779
735
4353
4207
6898
830
4517
6884
3696
6407
1877
3200
1710
888
1620
4614
4499
1346
5499
1616
2725
2638
2776
2401
7839
4176
1826
1122
7323
40
5543
478
6519
1659
421
1938
1353
3601
3410
7795
568
59
4495
5426
8425
6183
7988
3185
964
7789
1493
7080
8445
4728
8442
6682
3398
5911
4761
7656
1465
1265
3730
5816
4721
7708
6068
3694
7435
3414
589
2308
3512
4151
120
318
2372
1934
1782
6035
8072
6456
1069
7752
6614
6085
619
4361
6734
6346
5982
6687
193
7698
7647
5947
3701
341
2472
4968
3190
5013
4988
3069
4015
3585
3010
6178
2536
2640
4002
4760
5535
1004
6276
1404
2085
5889
1333
4198
3624
7654
6272
1000
5925
2589
2857
45
6740
2656
8019
3795
5714
4311
1468
6292
6841
4626
5996
4960
4819
4323
5205
52
8348
6094
8253
2070
951
6455
3550
7593
463
5302
7395
1471
5718
4797
1235
7214
3899
5078
2799
1648
5004
5980
1538
5648
2099
7318
4321
2727
7481
4003
1259
5747
3796
5661
3212
1193
6818
4872
2333
2224
215
2433
6777
5580
2492
7487
3053
4999
1022
5431
3423
6961
74
871
7377
1539
1092
4551
75
6009
6852
6306
303
5725
4019
5798
8083
2422
856
3749
5243
3557
5225
6866
915
982
7715
5404
6861
4755
90
1173
3062
7627
5216
2501
1332
4204
319
5083
6203
4372
5955
7151
1588
8128
7956
7371
7876
748
6104
3987
6234
8020
2611
6655
118
6281
7468
941
5473
1802
3433
4505
2826
2956
130
3539
3852
2062
6498
828
3402
2306
6185
1457
2695
1513
8352
4056
4587
1509
3462
6808
6699
3563
1260
2239
2519
7352
306
2140
6271
2503
442
6772
5478
7146
5525
2953
2936
1515
7061
5582
3037
4072
7510
7346
493
4779
8234
5493
5397
7689
5644
7490
3222
6563
6170
1482
3424
5156
3755
3375
6114
1203
3525
5042
3377
4703
5849
2837
4669
177
6469
2516
7663
7090
4150
1605
7733
816
2515
4289
8238
6334
5868
4476
8018
1714
2317
5926
8160
3387
1566
784
1685
3813
2481
3523
1881
4155
5831
5965
3082
6534
3949
5383
5710
4183
1832
2995
8305
2486
7651
4093
602
7672
2942
1796
4774
2848
2688
6390
133
3195
5715
5019
3210
2677
5321
6172
1901
7011
2869
8116
356
5657
5153
6610
2754
4507
4645
247
5844
4618
1185
159
7612
4473
1529
8258
6989
2910
8433
1142
7511
7811
2205
7107
1865
6801
1402
7333
6633
2740
2605
424
4863
1056
1907
4363
7587
6782
3769
6416
5239
1772
7916
8078
6251
1697
2647
5079
5459
5759
532
8201
1790
3667
7498
4836
2744
4511
5245
6473
3361
6350
6877
5860
5299
400
5312
7384
4430
1012
1262
1840
7466
6503
4274
6672
829
7694
5351
7415
7164
4885
2601
6377
7082
8056
7241
6361
5105
5051
6213
2653
4772
3305
1464
7149
6308
4882
6739
392
5554
7166
4349
754
205
4941
3413
2807
1863
4952
2321
51
6785
6195
2913
4854
3493
673
129
3409
6438
3260
4437
2476
7709
2303
5823
7635
1314
1352
321
7383
1501
5222
7883
4796
6303
2634
4959
8315
2236
1425
93
4817
7812
4080
5011
3966
4137
4820
3571
6622
6467
2505
234
6084
3449
5235
1928
4926
7195
618
3982
4928
6507
4227
4906
3131
7897
2642
8213
8290
5118
4265
3983
5939
4742
4855
4735
2746
6641
8317
2534
8170
1160
7994
4348
5900
7578
1504
140
8044
555
7393
2580
1807
1754
7785
4591
5893
2841
3553
8344
1553
4016
991
4047
7536
7832
1145
4027
6314
2351
420
4629
6221
2961
7357
3065
6616
7762
3335
2562
4259
2571
4032
7976
720
1554
6219
6523
3431
5484
1220
4203
4681
6162
43
5713
6640
2400
4830
6349
1663
4064
250
6286
1550
6129
6537
6664
4181
2608
4124
31
7567
5721
6517
701
1530
2954
7105
6495
1323
3882
8316
4033
5275
7957
2263
3445
2523
364
5500
5366
292
7358
7408
4017
1520
5106
5033
708
6981
7156
6914
4076
1564
537
472
983
1525
3875
4352
2186
428
1018
6654
4812
4593
4255
13
6362
6184
6357
1967
768
2207
1981
7052
5486
2981
1991
7552
5949
18
7848
2178
7896
3345
687
119
3378
7419
7362
2537
307
5450
4215
1466
4398
2980
5708
7597
6518
2788
1103
787
6173
2565
7076
6159
4508
4428
3360
1278
7797
2547
2037
8117
598
4399
8133
7783
6624
4197
6730
6359
808
7389
8267
2190
3211
6779
468
4050
3842
2666
175
3947
2748
8443
7005
8001
3158
6190
7596
3844
7084
5621
3604
6870
1368
5416
1908
414
138
8124
4881
7613
491
3274
6743
8275
6623
5342
2189
4456
241
575
7292
396
8013
182
4418
6700
5758
6258
930
7610
2698
3326
6726
8064
4485
2108
6086
1111
2820
4828
1375
8093
3709
4845
8138
6011
3067
3635
5109
5914
470
7963
8396
837
7985
6497
635
5916
4130
7753
4303
2921
5632
2350
3927
644
427
6923
2597
344
6282
1641
6791
489
2319
6157
3650
1722
3232
8407
1577
1440
8362
3748
6824
6649
501
2089
7845
3632
1956
6476
5827
7820
2818
2769
7857
1848
4857
7550
873
1919
5325
4993
862
8030
5896
143
1867
7411
1365
2889
2865
4606
4920
183
3434
2279
3541
1112
3851
4660
885
8074
2212
3039
4123
6354
7224
3783
5020
3180
8454
2510
5541
8361
7699
1709
2723
5
1556
4766
2232
4748
2367
4516
1227
2828
3237
6490
5998
5182
5778
8135
7831
429
5719
4956
308
1727
6399
1644
4458
2904
4548
2125
8097
7670
5278
4196
6372
4477
7019
715
4642
7281
2493
3415
7416
861
1914
5795
3486
6602
5907
3245
8293
1360
2655
7813
5031
5195
3350
4688
3286
3775
5761
5820
4175
6386
407
2511
3984
228
8229
4000
16
7353
3889
6625
7134
1165
4603
7851
5151
1467
8455
4905
3809
1686
1517
7265
1833
4635
6515
3540
5380
6758
370
1862
5318
932
4357
954
5457
6274
3255
8447
940
7303
2771
5188
2955
4452
7409
5932
1622
1769
6209
5539
8007
4242
1968
6978
2590
5075
3779
1516
939
1475
5028
6125
6440
4765
3531
911
2934
6853
461
3451
7420
3886
1281
6723
5167
4346
104
1891
1384
3589
4958
7115
1931
2008
2745
5319
4098
4974
2173
2767
7787
5396
818
6461
337
3784
4188
6244
7222
2219
6485
2090
4632
2014
968
5038
4544
6049
709
2174
4541
6608
8457
3825
2755
6551
531
2604
4193
3673
2939
1388
7125
1362
6858
5698
4230
3178
2419
7027
4312
1996
3224
1933
836
4480
5369
348
7712
6505
7586
5756
1270
1167
4108
6409
8357
5821
2701
2338
2227
1248
8278
4180
6252
1787
7111
6533
1275
5509
2773
1215
5828
5127
758
385
123
8223
3679
99
1678
2225
5742
7548
3933
7287
6275
7731
1745
3658
5503
2022
8239
8161
677
6233
6683
4786
6421
3263
3331
63
1673
126
785
7658
2633
1483
732
6163
1607
5994
8091
6454
6111
1318
3938
1251
1370
4768
7771
240
7446
4558
8360
7208
3220
4491
612
2391
6374
4800
962
2100
5695
5199
2821
4288
5142
5193
3459
1171
1794
6542
3246
5339
3562
6947
7978
2340
2555
3865
1392
5696
238
1595
8243
390
2858
2169
5672
3941
1277
6383
1399
910
285
2164
2092
4651
5594
7141
2660
2697
8281
4775
197
1045
1095
6110
4440
7674
8263
4475
6604
1491
5007
3977
2793
967
3579
2326
5511
8209
2943
7958
7911
6987
5915
5330
1857
6943
2247
542
6406
2290
4263
8434
4971
7611
2077
1271
6635
6684
2736
1028
7669
2113
3567
3204
6882
1163
3660
287
6895
7906
790
1364
1698
1542
2251
7944
3719
6121
8002
6070
3623
7020
4710
2295
7367
1560
917
1965
6317
4538
7379
3545
3881
8448
2652
1343
5967
4860
1202
1750
4059
3518
6691
6367
8095
8436
1882
3648
1217
1918
1240
3647
315
5736
7147
6862
5096
1291
5293
498
3848
2901
1980
3612
1017
4326
4250
2475
8350
4241
5550
2334
343
1003
7934
12
4574
4088
2467
2448
5409
867
2999
490
2813
8153
6047
8104
6736
7954
4272
361
6994
5679
5822
3646
3923
5220
3401
2932
5604
7898
671
2508
3243
8380
7562
2249
3157
5265
5376
4055
2518
4083
7255
1649
2668
5165
7091
744
29
7104
7034
3516
6502
2552
207
2468
5674
5353
6918
4368
1855
2891
5053
5905
3000
4627
5533
8057
1357
5933
4806
2234
7955
2517
1210
7814
2096
838
8441
6749
1953
113
5474
6264
2076
5305
1816
997
5786
4991
2241
8082
5018
406
187
3080
4112
1803
6863
572
5560
6126
6697
2603
172
4037
1700
6968
1592
6621
596
2998
1058
630
800
5866
2143
4951
3950
4886
4301
8400
4914
1166
5043
8327
4978
150
157
7572
2209
2978
314
19
1724
670
767
3887
5139
3698
1695
444
6008
6902
4822
8392
3826
7031
6315
3628
6023
3453
8302
6802
5692
2949
5677
5805
6280
276
6819
1269
7718
613
3910
2586
6403
6660
8235
3384
7421
3129
2101
682
6217
1960
437
4725
5522
627
2730
7028
5824
4986
2680
6917
8221
2010
3574
7342
1177
3446
6562
4221
4070
1239
4322
5468
1287
1864
4392
5403
7309
6018
7774
7617
8025
2176
6304
7312
5720
1293
49
2329
3745
5253
6513
6531
2766
1969
2460
6113
2924
3971
2693
33
3746
17
7183
2434
67
2967
3323
2410
2237
4547
3432
8130
5776
6442
7314
3338
4486
8010
3839
3840
5453
3959
7479
7754
2019
1820
5190
4717
2621
5114
3935
3077
37
7203
1505
6207
1894
3781
7629
7013
5807
5238
569
6087
3354
415
1652
8353
891
4401
6949
1860
6193
6097
1186
7170
8452
4935
1490
3068
1558
6146
4827
5559
5494
6544
5629
2556
5280
8011
7163
7575
3720
1689
6316
7139
2278
1581
2057
3510
4095
4315
2593
956
2993
3946
4373
7143
3570
4792
4441
1340
7599
7048
5335
2316
4414
6662
633
7094
6557
6044
1485
3823
3717
2550
7319
5855
6806
6550
5908
8294
1982
6771
1905
2000
7484
7201
7693
1447
2797
7133
3193
8318
8467
5545
405
1837
8024
8351
4117
3472
6728
4434
1979
1950
5414
6742
5888
8440
1843
408
5178
1205
412
5830
2286
1836
6144
6164
1298
5702
2285
2972
351
5184
5273
5294
7335
4299
7102
7270
4226
1911
4729
6058
1224
6021
4051
5723
4610
5801
7216
7570
947
4842
8274
7655
4750
710
3952
2133
4925
1417
3209
5591
6508
1442
6711
2830
1149
4883
1007
6460
4417
3830
6878
7565
899
952
3617
3697
1639
452
3009
3790
4554
6900
5652
7461
5537
2095
8096
2914
7476
1741
4172
4582
6499
5564
4436
5838
2287
6737
3811
5626
3799
7871
3521
1285
1085
3906
7398
4444
1452
383
4478
5354
4813
4789
5779
1469
1875
3711
4912
3244
517
7822
945
5542
7992
6811
3454
2408
8100
1597
7862
508
4949
7790
6488
114
5670
7532
1619
5087
6287
1569
7742
819
1355
7632
1593
6091
2877
1942
4990
1753
4998
4267
5377
7253
61
1726
7784
903
8282
1126
4404
2415
2356
7492
6339
5040
3347
5483
4266
3846
6239
6800
7981
58
6171
7661
675
7264
8342
5412
7280
3669
8141
1951
7047
6828
3151
6435
2397
4595
5986
7217
268
194
5271
3862
2674
4682
761
4313
2353
8136
5808
7657
4577
2507
3155
1238
6973
2554
8247
7894
8005
8
3695
1067
5825
5945
6744
1283
4143
479
5728
4839
6199
3216
3763
6232
5988
6060
8205
8188
6748
7922
7551
1421
3847
2377
7375
5874
3596
3316
1668
2024
5962
6871
3018
5329
5929
2811
1212
4256
7230
7683
2803
6364
8273
5456
6242
3076
6026
6646
6220
6268
7098
6265
4388
3144
1272
809
2832
3761
4251
3482
5946
6979
7796
365
5590
259
2323
3240
6492
1309
8398
4572
23
7173
6702
2699
509
6099
4553
1847
1940
8092
4402
6911
8240
5909
3203
5528
5802
4970
2623
10
2463
6259
3587
367
1985
2595
7148
7417
7583
191
1628
1693
1792
1752
6573
4092
454
638
5928
2992
6106
4916
8251
1900
255
4539
3052
278
3777
2018
603
1647
244
6433
1234
2157
2342
5793
6260
5240
7123
1658
5466
5791
5784
2911
3097
5392
7953
5842
3511
184
5279
3619
2944
237
473
923
125
3229
7430
3909
2064
5150
776
2959
7132
5035
4421
3483
4386
2421
3265
7438
1784
3292
8065
7269
6345
6896
3438
6257
1158
4932
2450
5806
747
4601
4492
4281
5600
7755
2670
4831
5579
6569
7184
7251
7198
6919
1002
1906
5368
2041
2584
4449
2499
7768
3055
2735
7502
248
2599
1381
3744
4997
7193
6446
8226
1893
3003
230
6075
1912
5030
5876
2371
3546
545
3149
1380
6778
4364
3747
3125
966
8248
1339
189
324
7518
5123
4604
3087
6798
3892
6713
2835
5257
8265
171
3474
1758
4025
1391
3860
4410
5111
4075
2984
146
6807
5021
3642
7086
5829
3859
4749
782
7181
1250
1070
3903
2441
2923
5119
3544
5289
686
733
743
1572
5209
1842
8054
1233
963
7761
3532
5593
4684
7540
2405
5957
6842
2199
1414
4400
106
6675
7085
1500
7337
6886
1749
1955
4298
7158
7266
3535
4675
1614
5159
3970
7480
5334
1086
4967
2414
3100
1241
5616
7037
2951
2591
5492
6434
6477
1164
3692
6605
149
3081
8122
6376
4677
8236
5487
7947
556
5700
6945
5683
3953
2684
5694
6547
2504
577
723
1105
6731
1611
79
3868
4118
8043
2839
5890
3603
7571
7191
3101
6555
6270
1947
201
5754
1944
6432
2202
6706
3773
6290
5050
1141
3099
5862
81
5561
1084
7882
6031
3114
6589
1345
7194
2963
6964
7918
8216
7482
5152
298
4269
7023
6039
6246
3416
4484
6938
8009
7924
8212
5752
7462
1436
1117
4086
2600
2685
1011
3366
8379
726
4450
7568
6150
2200
3084
6746
7989
1267
7965
622
1850
3733
2893
3406
5512
5344
1207
4657
4043
7144
6036
4844
1473
7914
3705
7092
2130
1494
7153
6552
5303
2131
7972
7021
651
4579
5137
3104
7973
5059
350
5024
2918
1152
7756
4416
5394
4282
1712
5089
4071
3346
4067
1824
3477
1183
8193
672
1521
4685
5081
3803
7903
5425
637
1834
1123
2023
5147
8268
1527
5436
2470
8314
7306
604
1506
621
5391
2764
5529
6500
2885
1034
5984
8345
8049
6776
5095
2091
8196
7725
1662
5465
6912
8183
3527
1096
6010
8296
7526
3234
3040
8429
6768
1874
1543
1866
5005
4665
1336
6899
7065
3395
4343
256
7750
2596
4953
4639
595
887
1410
4634
4100
5385
6297
3979
3595
1136
914
254
8270
4459
4837
1114
3770
1043
6816
2474
2211
7162
5052
8338
1552
4493
417
3710
775
6651
2379
7931
5769
3819
6269
5026
7734
3501
6553
5587
6322
7860
5060
5338
3945
5931
1299
6969
7332
3620
7927
7626
2686
624
5753
6279
6701
6867
7483
2456
6718
8464
8322
4494
386
3041
2182
3280
4445
95
739
1635
4957
2845
4279
401
6767
987
2006
4656
5790
266
4179
5530
8086
5112
7899
5387
242
3364
2528
4189
1394
6166
5703
6401
6656
4128
1190
8217
7043
8059
8042
5624
5995
988
8055
1932
3322
6933
5921
626
3024
8465
1524
3376
1367
660
3503
2465
5317
2846
6365
8143
2417
4898
5099
4939
1650
2385
5407
1851
4565
3855
3019
2128
7850
5688
1474
1373
8244
7210
2988
2154
3221
7059
5764
6069
2087
8363
4236
3447
5088
6478
5300
1066
1444
1001
3922
2976
1849
1679
1101
1827
5056
6960
7236
3838
3254
5768
3791
6725
879
7628
7619
4038
7868
4763
3708
3302
260
6131
333
1699
2389
6564
1209
213
7815
4427
3598
2649
2703
3526
2968
6890
6849
4576
3505
4429
335
2325
806
6848
7119
2482
7523
3754
629
436
667
7950
2567
1845
6934
2473
5254
7710
4900
771
2535
5080
4987
5115
751
5477
2819
6820
1115
7936
5381
5881
127
2440
7555
658
2110
7196
4899
2557
6253
7286
699
3357
1580
5857
2850
6825
7074
8015
6629
4208
4318
1600
4483
3351
6639
3666
267
5187
8139
1541
3393
7646
5316
3877
4106
4983
3159
8053
1088
3500
3659
7773
1237
3290
2284
1557
8347
3057
1760
5981
811
766
796
1396
1290
154
769
5938
3112
7921
4257
4412
4995
2360
2102
5062
7625
3684
3277
1915
8140
6707
2941
927
1424
7594
5100
6439
1637
316
2432
323
1047
3315
1405
1555
3324
7804
4413
7359
6262
8372
623
8259
835
4391
8084
745
1176
4622
8207
1153
121
1106
544
2903
1422
2335
7769
8081
4867
6474
7890
3682
7828
2909
5686
496
3629
5843
3732
6373
476
5592
8109
6169
5406
7073
7687
4895
1657
6932
1596
6580
2798
7704
5048
994
812
7842
5903
4945
2553
2427
1775
1310
4965
2067
3309
14
646
5025
5997
2690
3152
7444
3778
355
2103
2922
4690
1998
3075
8321
2628
1730
7138
7805
3389
4174
5813
3314
6681
778
1717
5247
2962
5041
4359
2636
534
4841
2632
170
5044
3130
15
5836
6977
7644
4589
1653
3496
5983
8222
1412
7543
5662
3304
7932
7308
317
7199
1087
2271
3996
4502
1406
6998
8152
6799
5913
779
4727
3154
789
7801
8397
7758
1719
5738
1610
1702
8182
741
5853
329
2928
992
6599
7949
4147
6999
8068
2161
2643
320
311
5282
3850
7786
4129
3259
3208
913
4982
5200
2355
5057
1354
872
2570
5732
3325
8432
1172
1129
3127
1023
1100
4245
5327
7008
547
2276
5524
5757
1718
3804
459
388
5880
3470
235
2222
7291
5046
8080
1253
7045
3168
4317
451
5898
200
7467
590
4852
2863
7554
3990
2577
4666
2407
2061
1301
1258
3033
8242
7356
7344
7311
460
6617
7798
3343
495
3262
3441
6389
857
7968
6865
1638
1768
2749
3242
2488
3013
409
354
39
5608
798
3891
3177
1363
5622
586
3836
774
7997
6522
9
2366
2260
3968
4771
6093
2514
1869
6670
5249
5839
8159
98
6950
1453
8459
8453
1613
3663
1300
1930
4114
2495
7038
7793
2336
7075
736
4424
3985
6762
5879
8313
5767
3805
3700
3712
2996
4921
7668
4540
4308
1989
8366
7618
7093
2256
2860
2268
6597
5066
5230
6620
8375
6140
2892
2177
3702
5701
1139
6333
5521
289
5134
1118
4546
7724
2822
1815
7137
330
668
271
4169
647
5374
2126
6132
4431
3688
1304
4012
513
5467
3858
3282
1890
4384
4496
4305
4580
869
884
2097
3225
2156
8094
1742
4556
730
516
2033
1723
1429
2651
5562
1109
7747
2063
4795
7046
1661
6045
5094
1082
981
1161
6188
1880
6775
7746
6298
6567
5681
4101
216
1974
1074
6341
6527
881
4938
3310
6958
4520
3965
3299
3294
4975
2395
3015
6910
1811
2361
841
204
2491
1147
1156
2786
1479
5277
5340
3615
2446
27
3577
7131
4833
7840
1748
7696
4856
3086
4264
4984
1090
5314
8323
5191
1579
3792
2790
831
4590
6837
6868
2576
232
1608
8218
1561
5255
1887
5441
5917
6568
5941
4252
5341
8428
5502
4931
5944
3958
6793
3798
6384
7113
933
1615
1756
5792
7702
1134
8264
6066
6267
2795
2774
8219
1498
1536
1606
6822
1496
188
2823
716
3969
4360
2675
3514
6797
5093
4132
2245
2112
7432
4163
5452
931
5311
210
2274
8062
5438
2320
2084
4162
4342
1282
5961
4509
5229
4470
352
3250
1331
2144
8108
6090
970
6835
1048
1766
3726
5061
3829
3641
3649
7870
6840
2852
8306
7631
2272
5140
7714
3994
2824
7006
2933
8340
3915
3902
7564
6278
4328
372
5576
7041
448
4233
160
7884
6897
7177
874
6054
5074
7410
1565
1776
147
3713
4479
1763
4636
5952
5547
2347
2524
3824
7327
7802
5489
750
5037
7726
258
5847
8430
7995
4469
6634
7204
6295
7155
2490
3876
1945
5415
5201
2027
503
6755
6570
2015
3329
6959
1696
3878
2017
7872
4732
1578
7313
5110
3591
4446
6288
4329
4144
5789
84
6773
4156
5841
7915
7405
3964
2827
2341
4876
8225
938
2136
1263
1089
4979
6250
1617
3522
4835
6092
7300
7902
4700
6326
4060
6393
2791
7691
3298
1249
4793
3729
5003
4948
1921
1854
1459
2281
4395
3681
7062
2833
6584
920
4345
3735
7426
398
7604
6133
4081
7621
5687
3043
4210
5834
252
950
8071
7449
6458
1546
3480
1261
6007
4996
6720
4840
3085
5815
6108
6694
8298
7948
5430
3337
7285
3863
4367
7971
8114
8149
1246
2539
5462
2026
5179
3146
2258
6079
852
5163
919
8164
5845
7282
7607
283
50
2855
4042
8103
68
6678
3520
6459
5402
3437
4461
2856
1667
2451
1573
592
7180
3655
5927
5711
6305
7152
4824
3163
6916
5775
3896
5864
3469
5948
2411
6325
7777
1321
1547
2375
2300
8295
457
1987
6481
1113
1437
4113
1119
8162
6196
2678
3261
7044
5605
694
7030
772
7673
5444
5924
4068
6218
5180
7582
6329
7261
1445
2264
1378
3627
2780
7520
3291
1462
1032
7235
8285
5172
1687
3442
2315
6712
4673
425
4184
2844
1181
2734
6141
8420
4087
2899
5517
1631
2071
3226
2994
5709
813
6299
7559
1416
2238
3593
5171
7179
8134
6637
7260
6321
942
7745
4566
3613
2314
6103
1040
6577
1603
585
6338
1107
4380
1180
2166
4770
6647
5875
6266
176
587
6892
3047
6642
1828
1348
3951
7373
955
3287
6880
2229
2610
6582
3223
833
3122
5252
5623
1296
2718
1910
3497
5598
1895
2370
5304
3102
1508
8087
2
3653
2940
5362
359
2040
8356
7620
4287
7855
3677
4205
7837
181
2969
3967
404
711
441
2094
1154
1765
2081
7764
3228
693
2840
6368
3911
3794
1993
8028
4777
1670
1324
3417
5666
1551
6856
7388
7951
1757
7252
6913
3199
1977
6732
1401
1320
6237
5102
5873
1677
5956
2120
1897
5635
973
7396
4890
7516
1838
2449
2894
765
2402
362
4799
6538
5320
1026
844
7103
2700
301
5108
198
1708
3843
7385
8460
7608
4718
3508
799
7542
3888
4834
805
6222
6050
8437
1371
4915
3759
3032
4186
6648
6261
2512
7189
3989
1094
4036
5557
2123
4663
2544
4585
6810
1486
4040
3597
1715
6803
5794
2997
548
2175
7240
7900
1830
2868
4122
7917
8384
5207
3468
7652
8211
373
2381
1751
4148
4222
2715
1024
688
32
7892
3113
8301
1634
514
155
7539
3926
5421
2545
1884
6480
5970
1130
7325
2743
1372
6669
1184
7616
846
3929
1347
7719
2662
1108
6484
5922
7215
475
6843
6000
1943
4868
935
5977
2753
8367
5639
270
1052
1311
4756
6139
3124
5411
6057
928
7776
4630
1411
223
780
3897
3235
2487
4909
3116
4140
5221
4664
4377
7473
786
7879
7121
2191
218
1091
1567
1189
7039
6689
5531
5671
2201
546
5555
4972
5649
4683
5447
2683
3016
7225
4004
855
8377
3894
3672
4467
526
4510
4902
6834
6020
7729
7279
897
3045
6982
6921
7700
3543
2425
3742
3771
279
1042
7002
5912
1795
4602
6289
5832
8462
6948
5071
8115
7996
1926
5382
6609
842
2050
4031
3872
6665
7584
7682
4641
8129
8257
2051
2489
995
1703
1963
2198
3153
657
1879
1618
866
3394
464
5393
6908
5434
433
6627
1780
7923
6536
4191
1409
3602
5870
3264
4218
3251
7858
929
8037
7288
2763
6530
4022
3552
102
5852
2729
7372
73
523
2654
5646
5730
2059
6496
2854
8261
5705
1544
3006
2343
6891
185
1785
2849
3058
1571
1694
3448
5211
1583
1073
5936
3108
4225
1159
6379
1825
5223
7471
1576
3734
2635
3475
773
845
5532
5298
4166
4543
6142
6231
7660
5653
5268
979
4057
3758
413
4930
7677
1809
6493
1116
5213
4743
5691
1898
1192
4275
4327
8187
6352
2751
2583
6836
6136
5536
731
3381
3723
6358
8319
3048
5146
4911
4521
6583
8156
438
1254
5390
7223
477
868
7382
1642
7901
5076
7174
7514
7961
7231
7952
4253
4439
1009
3606
5027
4698
163
6764
3001
1284
263
2378
3173
5333
2614
7856
8022
3456
3258
8147
3473
664
6165
7403
3867
221
7891
3750
1575
3034
6120
560
3341
4390
1450
2646
4447
480
7307
1602
3932
3573
1175
6022
6424
5313
5755
2609
2193
6177
7541
313
2612
6430
1057
220
8076
615
2183
1303
69
2758
6001
3654
1889
3652
3810
3373
293
6763
3578
2977
3007
3270
2428
2938
4415
894
4235
2098
3145
8150
380
4561
6048
3975
4375
7788
8008
4524
4488
6830
6719
2298
3676
195
6285
2801
94
3490
8388
3403
1518
5817
7722
4805
4594
1586
2265
3128
5284
2806
4376
5310
6733
7378
538
519
6360
439
8202
582
6988
3344
944
6411
6692
5627
610
719
3976
5481
346
2086
488
6512
7124
1448
5204
7910
7836
3405
6061
1512
5762
770
8185
3089
6606
2299
6230
2509
2871
4126
5871
6909
980
7369
5251
1633
2796
4686
469
7908
342
7122
1408
6408
1892
6685
6525
5636
6056
6236
1431
4711
7354
6135
1315
4981
1322
8399
6313
2573
4054
2253
3633
7829
1810
1666
3317
2708
5573
5973
3757
1374
4859
5878
2374
3388
8359
7984
6472
1804
5607
6501
6082
6051
5614
435
1846
5085
7767
4466
7760
6240
6161
6311
8163
1441
4084
4334
2979
2563
3820
5451
847
482
8341
661
8409
3487
6202
4393
3905
2616
4209
3561
2814
4160
4105
1201
2104
6071
7190
7706
253
1626
7535
7392
714
5148
7370
851
4922
8458
2747
2065
8300
8349
3096
4736
1786
4741
4714
2896
8393
3397
6227
5501
5036
6860
7458
7324
3741
6754
5401
7566
6717
2066
2168
2030
4658
2346
1759
2003
8311
507
2929
4194
4787
5259
1799
2159
4099
112
6805
4866
1377
7012
1218
2431
631
6400
4119
1636
2588
8403
6674
2461
382
2444
3161
645
8102
5384
7108
6016
5133
5678
1690
2629
7818
6149
1036
2345
7175
1305
2012
5586
5082
6447
8195
7913
2987
3608
2960
7032
6024
8029
3186
7072
2058
5546
5203
6935
326
3004
1049
8231
6698
4608
4111
1534
892
7293
5168
3461
4309
2079
4769
5185
7816
3429
5895
5751
7188
44
4463
1835
1075
7534
2915
1574
5690
3890
1632
4300
6053
1656
2393
2277
7081
7228
2398
3815
6100
8391
883
6235
561
6963
6926
7630
2741
5002
4706
3412
281
918
1514
6710
145
5563
2416
5244
6466
5954
3380
505
353
511
4708
165
8227
924
7016
328
3924
2739
6549
1736
2318
2301
3054
4751
22
5054
1692
5584
2339
132
4354
5463
2214
763
934
1035
6595
6229
1771
8004
3768
6062
7258
7310
922
3088
4522
4764
2171
284
4171
3092
6546
2139
4074
1672
4533
5022
4581
4331
6556
2111
1104
1379
6761
6078
4125
3422
6153
1684
1055
6468
8427
4809
440
8204
8110
2665
8382
2309
2155
5682
6829
378
1438
4676
4701
103
4808
4536
4457
7778
795
1896
8271
3957
7245
8328
8181
5712
6096
1997
1674
1390
484
3348
8310
3253
6991
3174
7249
6089
1033
1643
712
6990
597
6028
6967
2498
6885
7469
4435
5157
8312
2386
7078
226
5634
245
8423
5869
4090
5814
4917
443
5107
1385
3021
7576
3460
3427
1
5288
7257
4612
4878
5437
2135
6986
486
7945
7297
3936
8308
729
4224
7142
411
2328
7869
3123
4850
5009
5660
3703
1071
2028
5128
305
5186
948
3356
7338
4638
7120
6003
391
3788
8105
1013
6677
8346
4283
5116
3559
843
7246
2829
7099
7561
4214
6204
6813
6714
8167
4694
2269
8192
3005
300
137
565
2273
4734
853
5510
6769
3028
2106
2231
3362
1630
4243
6225
1705
6127
1268
6548
522
6042
5887
3724
7728
274
7524
4062
8106
3931
1010
6410
3396
4527
1472
2304
371
5558
7049
7276
1984
3904
3175
788
105
6952
958
4864
7998
1992
389
594
4826
5741
4596
4747
3533
3870
1779
3404
6690
4504
3066
5625
5077
6077
6509
824
3736
654
1211
1594
8378
4501
7826
875
7301
7803
7136
6888
7004
4615
1519
4600
7772
3425
6565
5161
5745
5405
6827
7296
4335
447
1221
2816
7759
4670
4865
1359
4526
2714
5181
2531
6528
6826
2659
5144
8036
721
7003
152
4405
3275
3912
2602
5491
7360
5469
4653
2707
5291
5008
2187
5618
6004
2812
4039
4678
7888
3538
1230
858
4213
3816
7376
681
2330
5012
581
1098
802
110
4927
2056
5507
3643
3728
8112
20
7161
8206
4020
1456
2917
3308
3050
7453
8421
5047
6970
649
6944
854
4102
387
4937
7428
7859
4707
6208
2388
5553
7057
4246
1812
3529
286
2719
3900
5124
3215
3115
6815
7743
3336
6783
3828
3166
5886
5787
3481
236
820
296
2902
2907
5166
30
4620
3687
4407
6489
1329
4231
755
2072
4724
7675
3279
6223
6320
593
6954
4740
5684
7425
7140
7259
5693
6619
5987
3370
4344
1902
2471
471
6941
1844
3879
5575
5642
1053
2226
4832
7942
1868
5527
6585
7221
4512
665
4500
3972
1777
2152
2436
4369
8284
3192
224
2711
5208
332
7609
7765
3918
6529
7940
5810
3776
4680
4159
153
2575
1507
2973
3849
4079
6013
2834
8309
2445
2559
2246
1051
1584
2312
7351
5490
3584
1522
4578
1228
1873
2172
3534
7171
7713
6760
3385
3542
116
2302
5162
1601
882
2020
8376
5215
3940
7770
6205
666
4802
2267
3572
6080
1307
7053
8173
231
1691
5408
7707
1433
4811
1839
8035
6596
7442
1063
692
1157
1814
4409
936
5854
1725
4294
3645
7347
5328
2218
3083
8401
8269
7014
1387
3636
7943
1582
5194
3061
3818
1701
6735
6486
2035
6179
8463
4702
7495
162
2179
174
6757
6638
1959
4097
3256
374
4815
1704
2538
2034
2931
5440
4
7919
5424
3464
3752
1243
4278
7679
1682
4570
3993
2726
2280
1922
369
3214
6504
5126
4668
1326
6072
1313
3458
6452
2250
2935
2452
368
6263
3944
3921
5363
7035
1083
6915
634
7290
5664
8468
4497
7937
3207
3782
1458
1029
1990
2118
6347
1286
8208
4980
3117
2926
1146
1773
8324
6997
2215
6894
4942
8450
993
4659
3227
614
2047
1720
3513
756
901
5680
3073
6953
5364
1523
6652
2895
5978
5358
6572
6186
1888
3630
4542
4722
2802
357
6238
6907
62
7355
8260
5398
2294
416
1746
6942
905
8418
2002
3817
7220
3827
6591
2363
3301
2447
5454
7905
5389
6680
4206
2613
111
3639
925
6216
5650
4293
3320
1295
1913
8099
2235
707
5113
2270
7546
2630
2257
817
7563
3499
2324
2927
2435
4908
2789
7830
4801
8292
327
4316
8194
4192
3466
1645
2042
3296
6873
1778
7364
6510
2579
2838
4232
8331
7574
2585
7977
8255
6618
7649
3046
1841
4157
611
3042
2117
5015
5090
4631
2847
5432
5883
7186
2679
1021
3495
6904
4861
986
1598
4296
8012
3665
5556
6521
2390
6404
8410
8047
1870
5262
3359
5899
3494
325
269
4623
4350
5514
5470
7636
1317
6833
8127
128
4358
7064
2412
5476
6437
1533
5001
7864
1818
2581
7886
6881
1194
2569
1484
1076
3272
3213
4903
2075
5611
4011
6626
6335
6520
5458
7531
3118
7739
2762
64
1562
2364
261
7167
2880
3202
599
6983
7387
4754
2606
6294
1939
943
6348
680
7808
4613
3297
7912
5892
2266
418
264
3064
5526
5347
394
7614
3418
