7711
1231
1730
1686
7072
3646
749
6743
2703
2959
371
6781
1645
7118
3485
407
8237
5700
2524
5246
3545
2409
4360
8
5903
3349
2645
5095
5297
4953
7282
1245
860
6472
5102
7635
7766
2652
2412
2748
5266
3257
7618
6716
5229
8238
3003
4836
3635
394
6499
283
141
2794
1505
4395
486
3797
6989
2405
2243
721
4981
8107
695
3176
2287
8360
4430
8182
2400
2081
2658
4126
1126
5181
80
1964
6203
2275
3343
7305
5354
5136
4942
989
5594
5005
7173
6932
5873
4887
6664
6555
1567
2132
1827
4450
350
210
1352
6972
3118
1610
5341
4268
7848
7523
7741
5115
1996
3494
162
3640
8096
8083
7601
5251
780
6009
5944
2816
6804
1624
2546
625
3698
7340
7022
109
4299
4911
3637
835
4967
4444
6363
2873
8302
6150
3911
3248
871
1778
5168
6291
6454
7294
6834
8205
28
5420
2041
7285
901
6353
5065
5817
2029
61
6712
6307
2786
8098
1760
6518
7575
4674
1419
339
7057
2602
7697
4792
5230
5971
2321
4703
1577
4448
8274
1691
851
224
439
4762
5244
2815
4115
2811
5705
6911
3869
1995
424
176
515
2209
1583
1448
6732
8327
4349
2494
7954
3765
5975
4800
1374
7069
555
6242
884
7774
7460
3729
4231
6135
6628
2847
2936
3631
3085
4067
8154
3473
3311
4273
6612
5211
3335
4883
2579
5444
535
3886
1802
6500
14
4089
7175
7826
3431
6115
1565
3391
5179
4958
869
74
5712
5313
5607
2344
6359
6723
3659
478
7357
924
7867
7717
6119
5891
4735
7732
7089
175
3652
6710
4945
7158
6109
1037
5999
595
4345
5528
360
1975
5960
896
7264
1111
5945
1844
964
4950
3686
2014
620
4072
5439
8269
4657
443
1729
1157
4748
1173
5186
5943
1257
1796
863
5796
5064
4540
3063
4477
7289
5780
3795
5050
2694
2584
2123
4112
479
3205
7924
88
6447
8259
4930
6616
7719
4397
3242
5510
3929
330
1919
7086
4569
3091
1521
5301
1544
5709
2669
3051
4106
2128
4695
8221
6623
2609
3171
4534
812
4357
6556
247
1286
5001
2426
5933
6522
2175
6970
5055
5221
2724
1909
1062
4602
7806
6334
7044
3179
2972
2966
2266
4119
4171
1492
3086
850
8210
6902
2027
1212
3722
2991
449
3811
7012
472
6768
953
5974
1770
6273
3770
3655
5470
6330
5615
4793
105
8031
4393
4839
4248
5355
1317
7760
2566
4447
3013
1838
4937
7899
5530
1280
1279
454
7838
7481
646
2258
7310
7655
5426
3705
5129
1548
5588
7228
2398
7973
782
6409
2174
5388
599
955
8056
6591
7046
8141
1410
5597
6425
3466
4132
3840
2315
3326
4642
4769
7030
6074
8261
5777
963
6632
4614
3692
2782
3215
94
340
7054
3117
5216
5676
1411
5094
4263
7210
387
8176
3566
5453
954
2565
5226
2295
4160
6725
4483
344
2902
4454
2607
1130
5110
1504
4208
3095
249
143
6498
2593
526
2475
7428
3662
2901
1135
584
6599
2231
8170
4236
5801
6549
7672
4933
5056
309
2553
5320
3593
5278
6278
5669
4045
6450
3240
4190
3395
2868
687
146
3967
4529
3939
3964
1497
3145
4446
1787
7157
5603
8184
2702
6040
7909
5334
1830
5815
3442
5107
4546
6000
805
3420
2469
3043
2097
7627
7474
2957
259
4275
4284
5585
4499
8335
3448
5201
3708
1509
5835
5100
4984
3978
7723
4056
4374
5119
1974
273
6367
2286
5638
8296
4161
1403
6505
181
7702
6503
7339
6973
1387
4494
8035
7603
8227
1595
801
4165
3523
8028
3081
5729
7716
7386
6980
2136
118
8019
3947
2190
7314
518
6027
3467
2715
3062
3462
3251
5506
1948
2455
4632
7325
3401
2971
8094
3823
7905
861
6537
5727
3344
1842
1299
7939
2529
1869
476
2338
284
2514
7272
5523
7764
1445
4271
108
2189
881
1426
8350
948
926
5719
902
7773
5338
5653
199
3245
6562
6855
7368
434
2130
7501
48
2863
6100
1984
2063
6845
208
2521
8106
5830
2799
5539
4821
4479
660
3913
2206
6837
6096
2319
1172
1789
1250
5002
759
1494
4599
1199
408
2232
6653
5771
6230
6106
8100
5731
1003
3354
8264
6676
6666
6279
180
1479
3048
1976
1594
242
3938
7079
4909
613
2051
3394
5312
2325
4725
7854
1272
8126
2854
4142
4287
5069
2844
1337
2049
1105
6349
3917
2477
7687
2977
6776
6960
446
6104
6963
2224
557
3595
8226
5494
5317
5197
8201
6269
8057
3752
577
3107
7642
7251
6374
3671
6466
7852
5048
3543
722
2117
6087
2713
8029
5655
778
6878
627
6145
5732
6982
1881
7934
191
2894
4626
2504
5370
461
6429
2255
3858
1643
3040
1717
4802
2360
4902
3884
3527
414
6225
6969
7265
7080
865
2655
1561
4548
891
3345
1165
619
3591
6858
1712
6702
2253
4123
1612
7582
1022
4939
1089
8212
2827
4590
2349
5166
1323
8278
6342
4076
5667
3477
800
1721
5215
3158
4385
1658
8386
7789
661
5363
8116
802
8217
7613
5449
7352
4668
2804
4931
5726
7923
3890
3786
451
5365
4465
6162
7387
6609
1629
5692
2316
33
3487
253
2140
3942
5542
1115
3036
5139
4368
1134
7178
5716
6045
5919
3715
4639
3376
5126
6933
7695
2035
2604
435
7726
7859
3744
2763
5767
8290
1457
818
73
1014
3361
1067
2337
2428
1152
3904
6856
7177
46
8046
8406
8148
6381
3610
7147
2296
516
5890
2886
30
1159
4591
2024
4400
7170
5516
4297
1971
2839
8304
6860
4634
6163
5658
6504
2446
4064
2862
7701
1090
1835
7892
6056
3582
1002
1859
2230
1101
1456
6620
8123
7602
775
2105
6835
5949
892
5386
5164
1301
5674
6849
2674
4096
6670
1253
1918
1891
6502
1874
3892
5525
1611
8032
3851
4926
7363
1227
3893
122
4847
5618
2622
5549
4892
4622
7524
1322
6282
8393
7839
5413
3934
4330
3109
5569
6669
1920
2417
5361
4685
7441
5483
7047
3060
3879
7051
6468
1865
7572
7584
4023
3389
3641
2536
507
2849
6606
709
1688
6139
1697
2909
4316
5141
4060
3180
3181
2202
413
4118
1538
7131
6036
1136
365
517
6685
2352
7281
2795
1355
4707
1114
116
5339
5202
8196
7615
756
7366
7943
1321
2712
3695
7097
6300
1631
1017
4721
5540
936
2937
2592
3010
8120
2294
8349
4224
3674
234
3836
4539
563
5498
3707
572
8390
3056
5769
8060
3678
1087
4038
3381
6625
2005
7025
1979
667
5288
1578
5077
889
20
7678
1085
1205
6043
3161
1582
6720
6827
241
3268
5910
6735
3923
2628
7308
7056
3289
4211
1743
8230
3105
1163
7333
522
5897
844
7137
743
3324
3458
4952
7100
4394
6574
5883
6071
1209
2745
6791
5833
3380
3704
6934
3025
3006
5273
4670
86
1759
4026
7477
4633
3299
6744
765
7811
1326
7013
6819
6383
6014
8101
7309
815
2870
201
4203
7255
6338
7424
6323
610
7217
1076
58
1557
7783
5120
7430
1668
4925
2203
5704
3974
4710
1206
1551
1511
4709
6568
6250
2542
1597
6065
7058
5261
341
6925
482
215
7551
834
6402
1807
875
1769
186
887
3535
4874
7570
4041
2537
7088
767
2761
7093
7393
5437
1248
6253
8025
3414
6737
4844
4427
142
2681
2191
958
2
4006
473
3068
7297
6866
5554
3847
1129
1215
5899
3476
2387
2267
4536
25
7515
7790
5075
2639
7095
3398
4511
3925
2729
6267
2541
7373
7101
4862
6410
4254
5105
2641
597
7880
390
3520
7207
2320
6309
3966
6769
7395
7096
7132
6167
6869
6168
1007
2020
106
5751
8366
5810
7728
7849
2840
7634
4468
1342
6153
6756
658
3504
3821
8213
711
5773
1571
6285
2054
2738
509
582
7591
1185
1311
938
8258
919
4868
1162
3403
6748
5203
895
1324
8219
7550
281
3234
3776
4711
6440
6039
4388
4442
5942
1576
7254
3241
221
6841
480
2127
942
7539
1986
3589
4702
2113
6576
1281
5634
462
3099
4228
7907
7661
1739
3553
6667
6782
6339
6347
3731
3160
1056
5941
4660
2682
8047
1679
7815
5178
3469
3137
2530
7675
8127
5232
897
6652
8248
2380
7648
6552
2163
3271
2544
3019
7198
6811
6113
3984
3402
7139
1477
7345
114
7313
7459
5567
4665
5827
4624
491
4975
7864
7993
1648
3745
5564
3546
7163
5869
7577
2560
8395
6913
6547
838
3710
3170
1345
769
906
5641
5637
3303
7322
2135
1066
238
824
4412
5677
5785
6688
600
2837
6622
5816
7877
5586
4128
7735
5527
905
5385
4570
5200
3649
4259
6252
4475
7151
7677
3275
3317
5253
1695
1470
4174
3070
6593
6439
5502
6088
7133
62
5311
4813
1746
5747
1285
545
1982
6795
3524
3065
7108
3384
6637
6405
6704
6489
7770
433
7480
4321
7076
5027
7513
952
1661
7267
3556
6173
1573
3699
4481
7792
6442
5746
5376
2326
1763
2354
6906
2264
3573
150
6648
2951
2297
5906
2814
6728
8121
2683
7304
6696
5337
7193
495
5649
287
3451
565
946
2502
110
4818
2154
6806
4127
6777
6826
8301
5328
1670
5331
6588
776
7446
5153
2339
6465
799
1214
5730
3658
2759
99
3798
1180
7059
2449
2306
2179
8255
7552
1684
707
5143
3037
270
4053
7109
5379
303
1515
8160
3237
7484
7739
1211
1702
2270
8018
5978
4940
3522
3101
3029
7223
1852
329
5000
6362
457
6346
2284
548
230
2101
7221
1993
6770
5481
4402
7608
282
4182
1463
5303
6981
3077
7405
6724
8013
1961
4964
2942
2825
123
4151
4955
134
2947
996
3862
6235
4000
5922
1532
2363
4101
68
4672
3639
5121
7337
5861
5347
5076
1450
910
974
1638
7798
2534
4030
2370
54
3066
7249
4222
4280
5559
3393
966
3193
7167
6032
2418
7205
2716
4961
1177
4186
3076
6605
1401
3636
5885
5635
1332
6546
7421
3723
5462
7914
2678
7482
6433
3748
7987
4433
5895
6492
2473
3739
2476
8413
6302
2214
6657
2392
7998
6559
6519
1486
877
917
6758
8063
8054
6020
4704
6512
5333
7908
4320
894
8320
6471
6941
4019
7001
3246
7233
2124
533
5805
5187
6352
5343
4081
3793
6179
617
592
5702
323
8162
412
4365
6762
5349
665
157
4923
2000
3536
3585
2119
6199
7757
7090
6019
7078
612
8311
334
1555
2074
3192
6881
6865
8251
1793
8250
3616
1054
3825
293
8409
4753
1683
6787
2576
6213
3293
4640
7714
3499
7435
7447
2011
2364
5612
5789
3977
5916
5193
314
3872
1109
7957
6185
5793
7149
7778
1783
6290
4401
1755
6798
2561
3810
1709
7494
6155
5556
6526
6799
5124
3736
4900
7891
6662
1485
6260
4014
7454
7288
6822
5156
7383
4503
6217
4331
416
6034
2767
2663
2374
1417
7633
1110
6327
1416
7229
269
2226
2246
5060
7160
968
4424
3262
272
5923
1960
7048
4969
279
6778
7268
3132
2610
6539
7372
6876
6102
5484
3789
4910
2798
6012
2164
8228
2648
5012
3532
2218
6404
6175
7231
8229
1941
6283
2980
5877
5477
3877
7707
5577
2970
6983
5163
2393
6462
125
4482
788
1816
4543
300
8402
1079
4294
7889
2261
1708
154
5867
3073
2178
630
5505
1804
1713
1055
3775
1531
2300
2330
4891
4355
5093
639
5315
200
3968
2414
1957
3899
117
3864
1779
2647
4413
4630
7668
1412
4886
4305
3601
2874
119
4951
151
929
4799
8225
8267
4583
5068
8110
2826
3074
1254
2060
4189
4102
4168
1303
56
4687
5236
3664
5600
7429
8351
4554
7194
4783
3682
158
3235
425
100
318
372
6544
6191
6013
2237
4518
5474
2420
7937
4180
2531
212
5931
3927
8053
357
3792
2137
6680
3328
7564
5918
4897
4009
5698
3388
3666
5248
768
8129
528
6692
2788
4217
2675
3005
3082
7636
637
6192
298
6038
3751
6959
8192
4510
4220
8195
1057
1866
7452
1409
7813
5086
529
5016
4459
6754
8115
3747
692
1908
5450
6326
1175
7432
1939
7652
102
8172
4292
5373
3841
8419
882
2225
6072
1962
5929
5306
6370
6803
3249
5558
2447
3450
6315
7182
927
4276
5040
7983
3503
4134
5739
3992
4530
7779
1877
3374
5144
7018
4472
2670
3216
5573
3859
2719
6528
91
3654
7302
2654
79
6375
4816
6988
1499
3174
6801
2897
6406
3096
2770
4741
2090
2251
4036
2808
5286
4781
5469
7511
5834
296
4612
6231
7127
2709
7545
2742
3413
736
3880
6508
3396
3980
7144
6
3676
6699
5629
6417
7038
4571
1862
1371
8119
3537
6035
429
7683
748
8348
6288
5881
2373
1847
5807
95
5743
6619
5231
2031
7041
8014
490
6377
1119
3286
3802
2964
1373
1183
4347
1034
7385
3346
6464
5171
1408
1112
6270
3409
3559
1850
6813
4812
15
2071
1333
5809
1314
5006
4522
967
4947
7951
1756
1828
7321
3412
4329
5802
6892
1673
7186
2885
2188
55
2171
970
2861
69
2969
2007
6843
3147
2689
6772
603
4669
6430
5070
7488
7319
4017
4281
2386
855
5763
2755
1998
5972
6611
2192
4033
2940
4987
2708
4991
4493
4578
6717
2757
153
2640
3329
7276
4375
5551
209
6937
6759
4706
3191
4207
1260
649
177
3609
4870
7614
1602
8064
2684
291
982
77
4603
325
3885
3134
3735
6634
6311
5158
6683
2777
7406
845
2094
8005
5574
319
949
1149
1772
1415
5279
7612
843
5461
5865
3531
754
3753
2367
1229
8155
5804
1239
594
3675
7846
5584
3796
6226
6870
6874
6194
7278
1462
71
933
5057
5888
6018
8069
3149
5170
3702
470
3956
3849
4202
1048
1726
3432
7823
1320
5149
345
7977
6180
8058
5989
2780
2945
921
2996
5707
3270
2158
4882
3207
4181
7369
1794
6351
6563
1955
6873
696
8185
5410
7140
4378
7936
2012
5639
3044
3834
8377
7866
5957
7082
7863
343
6954
4795
8151
1639
501
5582
2905
8113
4491
7709
5764
6001
4077
5241
3962
7487
3540
5024
4810
2438
8111
6233
8171
2903
6714
5611
8389
2215
4296
6647
4737
3229
5543
4121
1249
1860
2822
1102
5344
5955
7989
5961
8388
5488
8289
1364
7458
831
7190
6917
4544
6844
6312
1587
152
6140
7871
3236
447
3484
7496
4404
3824
1023
8109
6121
4819
4007
6474
5402
7475
7579
1917
1608
7759
2973
7791
7154
3820
7708
2278
2881
5430
3260
452
5116
205
6614
4872
6580
3115
7734
614
6089
5464
2550
4935
3027
6245
5717
6938
7495
3579
1236
6496
4734
932
3288
445
1977
8138
5673
1619
3650
7356
2766
5684
6358
1284
1381
4197
624
2730
7418
4759
6388
7657
1564
8075
6558
4411
7631
4240
6950
1359
3001
5924
7975
3839
7643
8294
3903
3407
537
3054
6793
8158
2932
4354
6930
6258
1316
4592
1750
3004
5318
8361
1516
4928
513
8074
2927
558
5718
8068
2974
2091
4815
6909
7691
2106
1013
4245
4586
7414
6478
4864
3878
3780
2934
3021
5913
1863
4857
7868
2596
6905
6927
1520
5908
3882
7065
4035
6524
172
3047
1703
3000
5914
3787
2372
3330
2089
1480
2851
7651
7007
7469
1377
7825
3632
701
2889
40
2269
466
5037
5014
3701
426
7573
1698
8399
2207
3963
6531
2600
997
2003
459
6212
6196
8276
7436
6002
993
3983
947
519
4065
6299
864
367
6069
7197
219
7596
4834
1405
7141
3737
564
7824
581
4336
7023
684
3478
1108
1016
8400
898
1368
5458
2018
1581
7120
4713
1892
2650
2913
6488
3430
6239
6962
4565
5992
4462
4932
8040
6863
3931
655
650
4619
7587
2265
7306
811
3045
4609
4044
2151
6706
2594
3990
4088
3502
6810
8368
6638
5456
3922
1579
2303
7574
3829
1689
7116
837
7926
5970
440
6414
6177
2603
1453
8103
6128
5836
5451
2452
2710
6993
2676
764
2838
6321
8179
3856
2623
7380
7632
1872
5512
4605
5277
2483
589
8333
6630
6361
1821
7152
3253
6047
6188
2555
3728
5362
3440
2471
1803
1184
4206
5831
6297
83
7534
5417
404
3514
218
8249
335
285
5609
6028
64
4362
4784
733
3351
4398
2679
1780
8156
295
5541
5482
4471
137
6066
4790
6421
6025
7940
7807
4875
4986
3411
2636
2073
7371
7397
2329
3202
1035
8087
5557
3397
7214
5671
9
2112
4094
3634
2182
4129
2975
1613
223
1942
6116
6825
1396
657
5526
3436
7374
5342
5823
2165
2058
2866
4826
5165
1720
2312
2699
7929
6722
2948
2558
585
6369
1512
8268
306
1888
3996
5686
1490
596
992
7248
6090
7865
3457
4048
762
914
1422
2513
1987
6385
1616
8139
437
469
2993
4333
7828
3153
677
5499
1071
3805
2830
6677
5046
2395
4730
4805
1907
4153
4804
6493
2146
3551
4645
6259
8165
4372
2987
4196
798
1106
3113
84
2482
2250
1723
4525
3714
6940
2928
8203
2212
3852
4516
5662
7485
2631
7959
1856
604
2394
42
7938
7362
4840
3429
3785
4860
6709
8415
1142
2076
1237
1433
1036
6382
712
3987
4919
8394
5316
6651
1118
39
5562
5466
2526
7776
24
3154
1058
342
1777
8283
5552
3093
496
2088
7861
5078
5811
6597
3142
2196
1291
1073
168
1365
1711
2425
668
3141
320
6945
4163
504
6525
31
8265
3954
7040
4830
3012
1622
7189
417
3419
5840
2714
2497
75
6281
1063
1758
3819
3716
5274
4421
6742
4929
5652
6877
5749
2456
772
262
1040
7673
1384
2298
149
4631
159
4577
761
5775
7084
8416
7771
5850
1826
2172
7315
6922
7326
6767
797
3653
4520
4399
4789
8215
5538
41
7426
2860
7785
725
1774
4270
3843
5814
7361
1104
8118
6107
2489
6463
1529
4673
1357
5409
1701
5500
4274
2061
5352
3647
5533
1467
7074
6842
3306
3625
373
2184
2725
7777
5604
4229
276
6328
1388
723
7280
8207
5967
4315
5904
7718
3483
8373
2872
4178
2907
5238
689
2038
1258
456
6984
1483
5052
4247
5672
6890
1171
986
5240
3897
6515
7409
5205
6186
3278
6331
3921
8024
651
8189
1937
5874
308
8401
4718
5082
7986
489
5934
6520
2545
2522
4322
2568
2911
6705
4050
2953
3794
3887
846
7033
4971
4489
2888
385
2864
254
5091
3102
4432
8383
3724
4684
3518
2085
7832
7039
5788
6604
4938
7885
5536
1300
4485
4552
1006
8392
465
5378
2677
128
8143
3633
1156
5118
4335
3782
5572
6903
1768
6395
1116
3341
1397
2994
3668
4690
1596
7898
7359
1574
6668
3889
1095
3957
438
1098
471
3128
5208
170
301
4621
2581
7060
5401
7935
4359
3489
7290
2008
4524
2153
7349
4301
1434
7011
6509
2644
6987
5374
7348
6368
814
7274
5636
5434
2960
2467
2336
4476
6256
3769
2938
6517
3213
7517
4884
1427
2926
5596
770
645
2914
5061
6550
1154
5289
6310
8314
6365
1061
3762
5146
5545
2472
510
7703
4757
18
505
6151
2787
7098
1748
6055
7411
2520
6896
6060
7767
305
638
7256
1051
7103
7451
2756
2229
514
3408
3740
3112
6075
7621
1310
140
3224
5803
7626
3339
3912
2170
4169
4806
654
7595
3015
5854
1045
7638
5953
4438
2197
3948
2086
7637
2567
8353
1331
1334
5790
4625
2402
7461
4055
4234
2461
7762
7067
185
113
448
6341
7159
7659
5820
8078
7755
5368
1620
6889
6093
2259
4993
3760
4567
2606
7752
7835
4995
237
4005
5622
1100
977
3746
6698
1724
6314
4260
3602
6470
3196
5866
3057
4085
5083
6426
1043
7121
3230
184
4908
5852
1642
2139
4108
7318
3788
6166
7015
4087
1083
7031
1358
5130
4130
2803
292
1508
4246
1391
8243
890
4251
5134
7561
1458
4746
3320
3592
3860
3577
5267
3151
1901
7658
575
1553
5043
4188
5161
2774
813
3183
2988
8197
4244
5090
1309
1933
5109
7731
7883
2129
4015
1614
5491
4383
1298
5259
3033
7241
4456
2039
2375
49
2939
5750
7244
1767
7566
255
3261
2919
7516
2371
1011
1999
4405
1946
3120
3189
5643
5868
2875
4691
2162
7818
2361
327
3208
543
2667
4304
5391
2850
220
5848
5
4350
6236
2810
6755
4667
6815
5503
4743
8337
1086
492
16
1431
1223
403
2114
1637
5613
5675
7999
731
7816
7882
1932
211
4502
1893
6603
5849
5894
3548
3673
44
6247
1241
7300
2156
7402
8188
352
5392
3007
3617
2982
1004
5106
2023
6718
1808
1500
1210
2570
741
5791
1633
5096
5857
1776
4104
5408
1501
4977
3410
1082
250
7235
1700
6434
4688
4921
7344
3256
4994
311
6378
6947
36
2016
2065
3519
632
806
1307
1552
523
6514
1018
6802
4869
5608
2605
8358
7503
4422
5346
1353
1989
3627
2910
8372
6263
1600
1603
1727
4788
4620
4997
726
7786
3150
5172
5135
5047
6511
3449
2216
7681
2523
5348
6904
5550
7439
7639
6745
2503
6154
7346
6978
2904
7662
6049
708
773
7780
6171
5191
6809
3139
3717
3347
4623
4750
2042
3888
5327
2698
2900
3804
2396
228
5522
8194
7437
1588
401
7379
3742
1084
4905
1630
8206
7733
2423
3474
2429
2599
7749
1898
3883
4079
3463
1070
7620
6204
324
3643
6348
3826
5884
7261
5774
2442
2732
3188
6248
885
197
5905
5745
7985
1785
4899
6691
995
8223
7571
7660
7112
2848
2040
7017
956
240
5825
4353
4686
7258
266
3297
5148
847
1524
3372
120
7171
5416
7576
6730
3993
3726
160
760
8150
4436
5760
779
6110
3791
1386
7654
6976
883
7641
1349
1854
8354
7713
6887
4458
4895
6264
6444
3719
6490
7680
1966
7644
5157
7156
1362
8037
6792
2625
3300
959
4062
6197
7904
4637
5711
8130
3867
5074
2069
6408
5295
5762
2066
29
1052
2015
6872
1438
2852
2422
6006
3214
8412
3919
6946
1693
4369
2906
3014
2626
8325
2680
4135
4733
2288
681
1657
8016
4298
4392
2432
5438
6494
7981
12
6817
2817
1566
7455
6955
994
7531
7083
7533
3568
1734
6719
3838
680
1978
1240
4325
5389
5952
5907
2378
4598
1256
488
7961
2829
5471
1069
6249
4318
8380
1839
2752
6578
2150
7128
7462
6805
8159
3508
7257
4980
8209
3423
7391
3734
4593
4576
3857
5479
8136
771
7148
5858
2430
5829
922
428
3263
1809
6446
1634
1523
6067
4855
500
8339
3803
552
3554
2075
6475
5448
6533
4752
2965
2100
1242
5744
1146
856
4069
3172
8329
6900
6721
7075
598
8382
8166
698
2575
7396
7381
3700
7941
8405
4542
825
442
5680
2333
7442
920
1991
8356
6261
8254
4428
1928
979
8411
8020
5369
7669
2824
3250
2776
1666
4613
1042
3721
4020
4786
6830
1196
2262
6024
6999
1404
194
3986
2943
2235
4389
6891
7693
2415
673
7522
4924
4176
7664
857
3386
7433
3945
7730
2244
7978
569
5917
3681
5245
8144
1348
4796
4356
5690
5772
8004
3258
5846
5265
4021
1028
6918
6852
353
3281
5228
652
2764
520
3569
7555
389
3510
8082
6137
7667
2760
7129
4396
8370
6007
5927
8342
3276
3079
6942
3730
3295
4449
2601
7081
1491
2692
4460
6590
4907
38
6823
3618
5969
2635
3994
5395
6931
3763
1294
2002
7162
7115
2573
3506
3914
5036
3185
7646
258
7
5492
3801
2406
1378
4403
6739
2516
3238
3813
7472
2050
7663
5646
2401
1542
6567
213
4192
4313
2653
4533
6449
6308
5880
347
6579
4742
7323
737
1513
7855
5614
326
6684
6023
836
127
5628
7019
1446
830
3845
3123
2201
2921
6645
7742
4960
1275
3355
4936
2144
6147
4585
8240
2784
8183
8367
2547
6807
2505
4423
2167
5243
3758
3039
6774
7782
4835
1716
1213
672
1091
5998
1775
6784
6389
4556
131
3565
6480
4109
6401
5224
2961
3028
939
3204
3055
2651
7225
6086
2358
7312
3623
5427
4039
2053
7104
5795
1092
7829
8015
7124
2563
4873
827
1466
5936
8122
3461
669
7006
688
4037
6237
8299
5239
4528
6497
2856
5452
6779
4829
6733
7590
4439
1539
7240
6553
7727
3199
3648
5460
2019
92
5828
524
3233
3443
4191
6400
7176
6240
8180
4504
4943
5579
763
3916
5822
3971
2551
7287
5213
7928
3304
6207
2301
3853
1983
2355
4738
4071
7329
1832
7851
4508
4052
699
611
5948
4628
867
2389
3387
2304
1474
6120
3162
2611
5404
879
1747
2617
4948
7145
4822
2898
1674
1805
4963
8041
918
4825
8397
602
261
8365
8178
316
7184
5813
7769
398
6340
1372
5026
4226
5051
5072
5697
3800
2227
3544
5018
972
6766
2092
5350
3784
693
4973
2166
8376
4352
4162
6214
6277
6411
2995
5682
5606
6626
7444
5571
3621
5247
3496
820
4966
5028
5819
3404
304
6152
1547
6473
4635
3382
4105
111
3069
3399
165
2582
631
406
1001
6146
1956
1715
3267
7967
5367
4856
4133
641
274
3868
6081
3620
5421
6183
3495
4443
1243
6971
4340
2281
1161
460
1224
4878
6046
3307
1990
4075
3148
5336
1522
5235
1278
6064
7232
3896
521
2666
8417
1647
129
3080
2138
4801
2277
7946
5054
3348
1425
5534
1970
6284
6483
3790
3310
5459
6506
980
988
4766
3547
8313
5173
1468
3969
829
656
5733
2093
5515
5496
4277
3136
1103
4495
3835
7354
2979
7342
7950
7119
538
5695
7206
1049
6272
4523
3363
7250
8052
1424
3459
7126
1436
3481
1562
7609
3677
7821
6600
90
2439
2836
6098
2111
675
7026
4976
5406
587
6095
1694
2597
3166
6773
4310
4183
4338
2792
1541
7958
4989
2750
7099
7073
6070
6884
6749
6364
1556
8010
3772
8244
2133
1283
5227
4480
7169
3507
6133
6883
3630
346
206
4853
3444
2956
2047
236
7500
8247
3930
4726
6289
2720
382
1261
5617
5889
5405
935
7085
5258
8045
3375
1465
2249
1585
3342
3741
4850
4500
8384
368
4532
8245
6738
3100
8220
2391
4414
6545
8161
940
623
925
6729
3755
5291
4589
1873
3549
156
2451
621
3493
2228
3042
2661
2351
6836
8309
2833
5152
1268
8086
3405
2021
467
5766
941
174
7912
364
945
7203
7526
4170
4410
2173
2968
6899
943
588
8305
264
333
3561
5364
6227
4486
7793
3874
578
664
5425
1437
5360
1399
8371
3590
3583
3766
6149
2037
8077
1336
1502
6569
4295
1094
2549
2195
1193
5044
7350
3711
7910
7125
5049
2999
899
8407
6413
1899
7311
2013
3247
7617
5038
3038
32
4484
6379
7378
45
8338
5415
1293
1379
1935
7532
1444
6965
3356
5486
7860
3831
7650
1297
5742
734
2155
5079
3517
6476
2556
5473
1000
3774
2221
6679
4998
8306
7862
4373
6262
2589
5521
2282
5892
3718
987
4241
8186
4363
7874
4999
7594
5446
8403
3816
3280
3421
7269
1517
7521
6082
7064
7956
1498
2159
4302
5159
2369
6292
785
2419
1484
3030
8065
6785
3023
7599
8252
5935
3629
2785
7146
4
804
2978
5097
7136
4917
8359
1398
3539
534
138
8222
2726
4773
5713
7688
6919
5233
6108
2470
3472
8105
7172
5553
5962
983
5383
498
7180
4269
1949
7982
6423
717
3294
8391
4600
3133
4419
317
7819
6672
1005
3732
356
2828
3285
4175
2507
2499
1938
2120
2793
6764
7592
2289
1315
4166
3783
1592
7183
3052
8330
6700
5896
2462
4068
1032
7971
5185
4865
1887
2062
4215
3492
4016
5701
4970
1451
6818
2747
2279
3360
3195
6294
5263
5518
4028
1251
5108
4881
3298
7161
4608
376
4435
7945
1707
3325
1160
8199
6703
4575
313
2205
1931
8124
647
1745
5753
3779
4097
3512
7916
1924
366
7353
7106
2299
8163
7358
6394
1455
1075
7263
3822
5326
4699
2486
4051
3127
2223
828
3130
840
6585
4845
6059
3907
3669
2899
6829
2693
1376
3155
7384
5380
3009
752
873
2310
6105
17
7841
3764
1880
7400
3757
682
1543
1507
6690
4232
2431
235
4584
3415
6062
745
3670
1475
1295
4093
4434
81
7166
930
3088
640
6848
5384
2818
539
5504
3665
7153
2454
6486
3135
1389
6455
6016
1848
6532
2930
8085
1153
7351
3392
6521
3712
6912
5490
3815
3608
6886
6908
3696
1072
351
7004
1753
23
2896
5878
5546
5254
7227
8239
750
2506
1473
6325
3108
7527
985
7970
3767
5019
7887
7219
232
6360
336
3144
4550
6821
2578
1824
6888
3584
5366
3319
1380
5276
6832
3750
7583
1158
6134
911
7014
503
1304
1041
1038
5071
256
1890
307
6319
4689
3761
4138
5087
6540
5898
821
4238
6243
3525
5902
2331
6195
636
1678
1238
1235
3560
4807
5912
4031
6026
3490
1615
5162
1181
2046
1858
1958
3332
5073
2890
4587
2335
7016
8218
7165
2233
2781
7876
2572
2010
4124
7422
6617
5305
3198
999
4692
1506
7997
6380
2457
1662
3357
3358
499
2343
388
8310
6316
1704
4390
6613
1313
2574
5963
973
483
4601
1302
6535
816
3981
1441
1026
6048
6966
136
1140
5513
3124
3456
8232
6939
1819
1141
103
6436
7895
171
2210
7784
7809
3940
4549
605
1580
1765
349
7068
6936
6355
6274
6202
5728
2362
1945
2737
4679
4607
1667
3837
3340
7710
188
3368
5196
7493
787
5324
6124
8385
3936
1813
7505
5740
5035
2773
683
3818
1665
3505
7185
7476
1145
115
7919
3600
1296
2213
7705
6693
6824
2290
4116
774
3830
4509
3866
3949
8093
2511
1343
2491
739
2241
3223
1123
4526
5198
3222
4841
6114
8292
2493
477
286
207
2813
4962
1033
7005
5180
2198
5475
1190
6495
5765
2332
4901
1347
2055
3210
3209
796
3588
6132
3812
7840
7213
981
7179
3581
6390
3777
4871
493
2468
4974
3075
3418
2754
6695
6783
3114
1217
4212
3944
5133
4290
3953
5304
3959
616
1010
5400
2962
5560
7376
6711
3756
2501
868
4080
7355
3032
8271
4300
2696
1385
7502
6715
5511
4767
6068
6641
4235
10
5176
4090
7211
1586
5290
2687
5893
5754
1306
5626
2802
7382
7466
4828
2256
2448
6629
348
3218
2070
2424
5249
7009
542
4877
4765
5994
1534
1731
5080
3491
531
1965
2199
8059
7827
5973
8241
1421
4683
3642
1894
6318
3529
634
5034
4770
1822
5776
6790
7518
4814
6655
8324
1350
2488
2841
3269
1009
2624
5853
8321
3200
6161
6392
1518
3580
2107
421
5397
1913
2357
6541
430
6397
5806
7974
4863
2510
4173
4348
5293
1327
2087
7607
928
4216
5951
2273
3445
874
7845
2099
7761
1889
5104
7021
5561
7712
6286
4420
7168
6481
6420
6332
3377
7317
2252
1367
6037
2508
2992
6760
3217
411
2388
2208
4849
6324
7220
923
8308
5838
1876
4941
2272
6958
6985
6995
3468
7066
1677
5578
7043
5435
5514
7736
1841
2079
7756
6432
6190
3460
226
6570
2734
497
1537
751
7817
4059
494
872
4003
1464
3817
5487
3995
2443
6682
450
6228
1653
7230
7528
3571
4464
5031
3146
8291
1644
7616
6372
2853
8081
3952
2359
4496
8396
1922
6659
5799
724
1675
3970
1220
7122
1194
2912
8079
5160
6935
2274
2990
1176
7215
3570
4722
2741
2185
4778
7253
720
7296
3337
1766
8198
1514
112
7775
8088
4043
7138
6765
1696
8266
8191
4441
3615
3773
2744
7955
8234
1166
7696
1527
4258
5155
3321
6222
7593
260
2220
3941
4073
2796
2772
7293
686
392
3534
2161
53
6271
7781
189
4487
6422
713
7204
3530
4148
3353
7647
6097
386
3121
2236
7611
5583
7952
51
6513
6209
5666
6033
1533
4054
8027
6571
6187
8091
5269
2922
5826
4029
3287
328
3509
4032
2673
4682
5756
7508
719
3428
1635
396
5875
6529
1447
3350
4293
2004
568
3521
2459
5794
962
6079
363
6542
852
5010
3915
7538
1800
3301
8331
7751
3366
4949
8051
3572
3290
7123
4888
4579
4777
7610
4651
6991
2444
3406
2700
3092
3656
5412
795
2879
7604
3898
1659
4091
5467
8375
4903
4431
866
4560
5457
1879
5358
4498
6437
3110
4092
6581
5025
2832
4117
8135
3447
1834
5128
1068
622
5009
3651
8364
4785
4837
7107
1382
7858
8038
5531
2407
5011
2562
6305
3103
8132
3638
547
2168
391
5423
5783
3657
2571
5206
43
2346
2234
4437
1335
5204
8340
7630
7670
5589
4719
2314
888
1526
1895
7856
1886
7003
3958
2108
7275
6456
4824
1660
6564
5625
374
2958
2775
6344
7704
4193
7740
2893
2177
4326
3119
7679
2931
5982
2758
916
5631
4147
1346
1951
1846
4364
104
7537
355
3035
2519
6407
2484
3833
1598
1429
4426
5544
4653
4573
5319
2095
8034
252
8257
7238
6322
5759
5489
6061
2078
135
321
715
6386
4794
3691
1988
6164
6251
1925
4204
2587
1883
2867
4288
670
6275
5798
4107
7468
3538
5138
5330
2835
5394
7187
4671
7130
3031
7338
4758
2845
1806
7563
2895
2920
4811
7000
7706
7568
2368
1575
3125
1428
6557
7390
5329
5237
4852
5403
1262
3053
8049
145
3848
3379
8009
1216
4678
3596
1360
4724
5495
7586
1921
4261
7070
1733
5222
4237
1318
7525
702
1742
4515
7284
5824
1496
608
6678
1247
4776
6763
1354
5285
2068
4768
5685
5761
4457
5084
1290
6997
710
1751
3854
4858
3083
1519
5722
4771
6224
1192
1174
512
3475
1025
6501
3687
7927
402
6584
5630
1230
2518
3058
880
2026
991
2806
2633
4488
4474
6448
2515
6131
1618
2876
5151
5985
6189
5399
3501
2194
1947
8355
3097
1031
2045
3875
2736
3334
4380
7589
3975
3611
3928
3226
4761
6345
4747
5950
8236
6254
3464
1632
1305
6882
2323
2933
4913
7984
1259
263
5270
7425
4242
4848
5887
7394
8070
1255
3426
3266
4078
1461
222
5195
4736
8293
4727
7906
1953
6172
7962
5485
2585
6573
5843
3871
7549
278
5256
4506
6111
378
6057
381
2385
5390
2717
8164
2083
8369
7833
3933
2690
6862
5145
2465
7035
714
5382
858
6482
369
6453
6797
1370
642
1593
271
6554
6399
6215
6354
5398
784
1088
3778
6583
2941
6566
7266
6565
7332
7408
4391
7388
3050
1148
1623
5015
4332
7063
2846
37
1699
6814
7535
3725
4906
7804
5252
2276
862
3749
6654
6607
2254
183
6838
7216
4681
3254
6914
4854
7671
753
7803
6091
5321
5598
6280
2098
5029
3622
1489
2466
2311
2983
5812
3645
2765
7364
635
1267
5966
5737
1558
4205
6329
2843
727
6596
8287
6200
6740
7645
5436
5219
7191
832
1871
6646
1442
6403
5188
4184
4535
3446
2096
5928
4833
5855
7360
1855
2916
1954
1930
2122
4744
5568
418
4988
7486
8281
6953
6306
4954
474
729
4662
8280
231
3259
5440
3807
6491
4185
6510
5085
6276
5125
4629
8297
8235
2411
1170
3184
1074
93
6266
182
5687
1390
3486
817
1406
7888
4809
1208
4927
1472
4146
4066
6246
8133
5112
2022
6949
3976
4082
4656
6441
3999
6050
6538
3951
2009
5991
4256
463
6589
3078
1740
809
3603
7750
7715
4150
3926
1591
2381
4083
574
6789
7457
6445
5876
7879
4541
1820
511
6894
3197
4880
2925
3574
6910
8125
6833
337
5122
4658
4314
3694
6005
6015
3168
4312
6229
27
2240
950
1221
5407
1685
5111
6523
5714
6921
7200
7763
4267
8008
5298
1459
7896
8030
4652
6160
3855
245
8231
2084
3008
2976
5042
3599
2200
8108
6660
1845
1829
6371
2746
4879
4200
7519
244
3116
755
5770
5741
3932
8067
8242
7925
5932
2291
4756
2347
2598
4664
1823
3498
3390
4407
6094
1029
6418
1749
7045
5004
6255
98
4708
3972
5839
2437
7588
3152
7812
2552
4149
2608
7529
5377
1815
4061
1392
7410
59
1757
1024
2118
6673
6343
52
121
5294
7464
5879
4252
2629
1692
1124
4617
3364
1182
1882
786
2821
5886
359
2458
7027
6595
615
1277
4537
4519
2929
8246
5308
7842
1656
4714
5983
5192
380
2353
7544
3163
6099
2433
3157
3873
2632
4342
1
4823
3272
5099
541
691
5699
7834
3315
4555
233
1554
5856
2193
5984
3034
7872
4250
1904
6169
1439
187
8323
4384
1641
7746
6671
2615
859
5633
7738
4230
1047
2268
4701
4156
6586
6707
4463
1912
6675
2621
4982
132
5476
1363
6868
7243
8003
4469
1817
2984
6990
4797
1870
6219
3255
931
4040
6967
5565
4680
586
6854
1926
1228
5302
3424
553
4700
8181
4157
1107
2025
700
5432
4218
7836
7748
1601
2487
3002
6753
6771
1836
7542
7721
475
7491
841
1536
3628
8270
5871
7181
5223
3781
3693
3809
1650
6042
1147
1339
4024
2887
395
5053
5497
6257
2842
3378
4798
5645
1651
6244
7479
6548
169
819
6697
1202
3644
1569
2345
560
1652
7922
1714
6484
1287
4209
5008
593
4002
4416
7802
618
7964
1375
4172
7794
370
6820
3943
7870
50
1840
3264
6610
361
4696
1584
5089
4562
468
3243
4655
7831
8042
484
3427
1997
7944
4110
5260
5599
662
2245
6948
3327
6004
6631
6129
6747
6138
903
3870
913
198
876
6979
4098
730
4103
3842
4894
5210
5455
5842
5723
1782
2365
570
3111
3437
8275
8256
2115
3876
5062
6661
7164
7979
7685
8303
1246
3894
6356
5988
4159
2453
8097
3946
7192
4896
2820
583
5688
2131
3322
5325
315
7720
1340
5938
3713
1903
8272
3331
8260
6624
3049
2671
1741
4861
4915
147
1896
5284
6398
4729
7483
3244
8001
139
2882
2302
5299
3985
4233
5925
21
8420
4731
5264
7091
5784
2923
5199
2186
8128
6726
126
2790
8216
5632
6052
3338
7875
2056
7992
2077
19
5103
2509
5909
7286
6295
1535
4386
5768
6357
3333
4406
3433
7559
934
2109
3660
4827
7972
525
7443
1525
1203
3465
2222
3846
5664
8026
6701
3221
8071
3084
6141
3206
5147
5033
5217
6986
3024
5023
744
2740
5268
2586
4227
7174
7772
4611
4720
4779
2376
4876
7262
13
5860
1167
6101
561
4367
5123
6218
4588
8117
3225
2479
6438
5088
2500
5870
6761
6078
5665
747
1144
1837
6534
1718
5954
7365
239
3020
2440
4131
5847
1469
7814
4661
4379
22
2397
5575
5624
3667
7894
4946
3175
4521
3089
5101
5845
2057
1762
2620
2157
546
8398
405
217
735
5587
1452
5715
7857
4323
626
666
5657
2059
671
2743
633
7560
7884
216
1985
1725
7277
8152
5621
5098
3018
1482
1607
7032
1812
1710
7449
7330
464
6333
5956
4643
4820
4990
3064
1546
6232
1790
267
3201
1628
3564
7765
7965
4027
7135
2664
7343
4641
5696
2143
2691
1843
1810
6582
5547
7797
629
2490
2121
163
6287
3046
1263
4492
5445
7690
5623
1902
6943
4324
6907
5013
1493
2857
7948
5555
4957
4057
6898
2341
2695
3607
2559
2181
436
4327
5113
2768
4968
4832
354
2614
5387
1560
6952
3575
1233
302
6867
4934
1139
7298
5703
5411
1617
4243
1169
1943
6780
2176
193
1402
6923
644
2463
4764
716
1915
481
732
7801
7649
3017
2318
6451
1897
8300
2618
6975
4514
1545
5041
5661
6044
4137
7988
7419
1019
7674
3470
2238
3563
7605
2590
1754
1440
7788
3511
6084
8011
3316
5189
5660
3016
1719
530
8169
1080
5300
3587
532
195
67
6063
3129
6022
2478
2704
1878
4646
5225
1312
5323
7700
544
2858
6957
130
6839
842
5679
2665
1012
4249
4638
7246
4677
5335
1269
2435
3526
7911
3252
2067
8233
5832
2831
7994
833
1393
5419
1831
8363
1201
1981
4992
7886
4566
3905
2421
5131
3312
590
7932
556
5683
7199
549
5725
5454
8378
8044
8345
2749
2441
5309
4760
8175
7546
1621
2379
706
854
4985
7869
4308
5591
2247
1164
7299
399
6268
7279
1563
1906
310
410
7413
3828
4070
1113
8334
2280
5478
4716
8112
3228
3122
2403
5281
5184
1868
8208
1940
7367
6205
6687
3827
4307
1672
4139
6977
3305
6731
4445
6366
6181
3550
1857
7142
1189
8202
4563
4058
1910
4740
7497
3182
6840
1649
6642
2492
1605
4582
951
1811
1799
2819
4594
2950
1234
5977
2293
8318
5642
5939
1722
6658
2659
6148
4255
3479
1131
4452
4512
8084
8104
1636
7554
3597
3542
7942
87
3059
1773
2986
6757
8328
288
268
4787
5694
6750
2981
289
1792
6736
7327
2480
155
4120
2871
4214
6003
1968
1266
2334
4022
944
204
1117
1021
4916
1849
7507
4610
2348
7341
5532
2891
808
